2 0.686418 0.489712 0.084808 0.053029
2 0.795024 0.501466 0.123365 0.110673
2 0.685745 0.064760 0.084543 0.059784
6 0.677163 0.011683 0.052957 0.023341
6 0.725409 0.015865 0.050913 0.031731
2 0.794880 0.055216 0.122524 0.103245
2 0.797115 0.940096 0.126995 0.103774
2 0.686899 0.950865 0.082067 0.062788
6 0.675769 0.889736 0.052596 0.036707
6 0.729327 0.890096 0.065938 0.051827
6 0.718582 0.529856 0.034856 0.047668
6 0.676298 0.552188 0.046442 0.029880
7 0.753678 0.665937 0.148293 0.151587
7 0.756154 0.774375 0.165264 0.147308
8 0.601034 0.858365 0.263582 0.247716
8 0.646779 0.857957 0.413822 0.268245
8 0.654327 0.566250 0.399567 0.243077
8 0.594591 0.571514 0.264087 0.213534