2 0.533942 0.300986 0.090120 0.056490
2 0.709135 0.318029 0.110577 0.069279
2 0.385361 0.340409 0.105096 0.063726
2 0.903966 0.239087 0.190505 0.130865
7 0.367260 0.498101 0.146058 0.163438
7 0.552644 0.447308 0.125288 0.137404
7 0.727067 0.461683 0.158245 0.135240
7 0.896082 0.505889 0.207813 0.230529
2 0.532837 0.045433 0.078822 0.051394
8 0.382764 0.013990 0.080865 0.027957
8 0.710938 0.026995 0.098510 0.052260
8 0.903846 0.102163 0.192308 0.127404
6 0.701250 0.376298 0.053966 0.029736
6 0.529976 0.358798 0.042212 0.032476
6 0.405120 0.397091 0.043197 0.030096
6 0.876226 0.358125 0.106298 0.058630
8 0.902957 0.079928 0.194087 0.159856
8 0.534375 0.030841 0.092212 0.061659
8 0.716923 0.470817 0.186034 0.383582
8 0.846298 0.468990 0.307404 0.596322
8 0.858173 0.899038 0.283654 0.197115
8 0.521899 0.482668 0.225240 0.424447
8 0.377909 0.518029 0.187909 0.423077