8 0.378498 0.011831 0.083708 0.023662
2 0.561747 0.330219 0.095868 0.069439
2 0.738665 0.332059 0.117626 0.085164
2 0.417190 0.386770 0.111580 0.078657
2 0.911767 0.228516 0.176467 0.159137
7 0.415151 0.558563 0.162695 0.190072
7 0.595351 0.486273 0.139276 0.160031
7 0.771228 0.485308 0.172010 0.160810
7 0.914547 0.517029 0.170905 0.268267
2 0.534613 0.054689 0.084052 0.062876
8 0.381348 0.034947 0.083708 0.037789
8 0.710825 0.025410 0.103826 0.050820
8 0.904371 0.080845 0.191258 0.155574
6 0.736716 0.395651 0.056992 0.037168
6 0.563669 0.392949 0.045517 0.039014
6 0.442721 0.446041 0.046260 0.036540
6 0.909830 0.359528 0.112263 0.073274
8 0.901523 0.076159 0.196954 0.152318
8 0.534665 0.038806 0.098486 0.075211
8 0.762015 0.496118 0.225091 0.431290
8 0.853567 0.481931 0.292865 0.672208
8 0.897507 0.912478 0.204986 0.175043
8 0.568209 0.527315 0.268457 0.479068
8 0.427829 0.579051 0.230988 0.474066