8 0.813544 0.014989 0.096667 0.029977
2 0.606884 0.334115 0.089657 0.072368
2 0.763305 0.373211 0.110004 0.088757
2 0.466632 0.359954 0.104253 0.082037
2 0.927741 0.309493 0.144518 0.165516
7 0.428008 0.530516 0.155434 0.195999
7 0.603225 0.496519 0.132938 0.165069
7 0.759324 0.532603 0.162510 0.166544
7 0.897942 0.600722 0.204117 0.276666
2 0.641883 0.054157 0.078697 0.065470
8 0.510263 0.011123 0.077247 0.022246
8 0.805939 0.054740 0.096667 0.068714
8 0.937044 0.159548 0.125911 0.161936
6 0.747948 0.436096 0.053113 0.038855
6 0.595144 0.396957 0.042842 0.040484
6 0.476560 0.424326 0.043400 0.037993
6 0.909134 0.436604 0.104625 0.076597
8 0.936661 0.135097 0.126677 0.197678
8 0.645333 0.038747 0.092281 0.077494
8 0.748841 0.541422 0.222687 0.441718
8 0.842521 0.554511 0.314959 0.688824
8 0.816566 0.951168 0.284917 0.097665
8 0.570371 0.531653 0.263987 0.491039
8 0.434854 0.553579 0.229951 0.485184