2 0.889423 0.397590 0.072115 0.067470
5 0.668269 0.632530 0.120192 0.060241
5 0.567308 0.546988 0.120192 0.077108
5 0.322115 0.442169 0.110577 0.118072
5 0.355769 0.136145 0.076923 0.050602
5 0.512019 0.163855 0.062500 0.038554
5 0.677885 0.224096 0.038462 0.019277
6 0.893029 0.450602 0.036058 0.028916
1 0.804087 0.665060 0.040865 0.053012
6 0.679087 0.249398 0.021635 0.016867
6 0.516827 0.218072 0.033654 0.031325
6 0.350962 0.198795 0.048077 0.036145
6 0.284856 0.520482 0.060096 0.043373
6 0.567308 0.649398 0.067308 0.036145
7 0.800481 0.507229 0.139423 0.127711
7 0.710337 0.834940 0.324519 0.310843
7 0.538462 0.703614 0.125000 0.192771
7 0.212740 0.590361 0.252404 0.269880
7 0.340144 0.301205 0.156250 0.159036
7 0.508413 0.319277 0.108173 0.185542
7 0.669471 0.290361 0.069712 0.060241
8 0.674279 0.340964 0.098558 0.257831
8 0.825721 0.534940 0.194712 0.346988
8 0.652644 0.796386 0.454327 0.397590
8 0.526442 0.706024 0.240385 0.433735
8 0.229567 0.650602 0.377404 0.539759
8 0.507212 0.350602 0.158654 0.421687
8 0.336538 0.326506 0.201923 0.445783