2 0.100206 0.385242 0.075064 0.070102
5 0.327378 0.626896 0.122391 0.061527
5 0.430951 0.540738 0.127506 0.078193
5 0.693599 0.432824 0.120360 0.124071
5 0.654010 0.107786 0.085193 0.052010
5 0.489152 0.138804 0.067661 0.041349
5 0.318303 0.201323 0.038123 0.020967
6 0.096221 0.440967 0.038303 0.031349
1 0.190411 0.659262 0.039434 0.053537
6 0.315990 0.228321 0.022468 0.016768
6 0.483368 0.194529 0.037738 0.032824
6 0.660745 0.174148 0.050951 0.039313
6 0.732853 0.514275 0.066632 0.047099
6 0.431337 0.644402 0.069563 0.034733
7 0.193136 0.500153 0.144010 0.135191
7 0.284062 0.837144 0.329537 0.325712
7 0.460283 0.696768 0.131105 0.193969
7 0.813728 0.583181 0.279820 0.275802
7 0.673650 0.282926 0.171491 0.169517
7 0.491311 0.301476 0.116067 0.195852
7 0.326478 0.272239 0.072828 0.064657
8 0.320900 0.324148 0.098406 0.273893
8 0.165501 0.526132 0.202571 0.354351
8 0.345758 0.796438 0.470437 0.407125
8 0.475527 0.707863 0.253393 0.452468
8 0.793766 0.650204 0.412468 0.562494
8 0.492519 0.334529 0.169871 0.443715
8 0.679332 0.309084 0.220334 0.469135