2 0.891875 0.400964 0.070192 0.066386
5 0.679447 0.629807 0.114447 0.058265
5 0.582596 0.548217 0.119231 0.074048
5 0.336995 0.446024 0.112548 0.117494
5 0.374014 0.138217 0.079664 0.049253
5 0.528173 0.167590 0.063269 0.039157
5 0.687933 0.226795 0.035649 0.019855
6 0.895601 0.453735 0.035817 0.029687
1 0.807524 0.660458 0.036875 0.050699
6 0.690096 0.252361 0.021010 0.015880
6 0.533582 0.220361 0.035288 0.031084
6 0.367716 0.201060 0.047644 0.037229
6 0.300288 0.523157 0.062308 0.044602
6 0.582236 0.646386 0.065048 0.032892
7 0.804976 0.509783 0.134663 0.128024
7 0.719952 0.833373 0.308149 0.317374
7 0.555168 0.695976 0.122596 0.183687
7 0.224663 0.588410 0.261659 0.261181
7 0.355649 0.304072 0.160361 0.160530
7 0.526154 0.321639 0.108534 0.185470
7 0.680288 0.293952 0.068101 0.061229
8 0.685505 0.343108 0.092019 0.259373
8 0.830817 0.534386 0.189423 0.335566
8 0.662260 0.798795 0.439904 0.402410
8 0.540913 0.706482 0.236947 0.428482
8 0.239880 0.651879 0.392596 0.532675
8 0.525024 0.352940 0.158846 0.420193
8 0.350337 0.328843 0.206034 0.444265