2 0.100962 0.385542 0.067308 0.062651
5 0.312500 0.621687 0.115385 0.062651
5 0.412260 0.534940 0.122596 0.077108
5 0.665865 0.430120 0.120192 0.118072
5 0.628606 0.136145 0.084135 0.050602
5 0.468750 0.165060 0.062500 0.040964
5 0.302885 0.222892 0.038462 0.016867
6 0.098558 0.437349 0.033654 0.031325
1 0.182692 0.656627 0.038462 0.055422
6 0.301683 0.246988 0.021635 0.016867
6 0.463942 0.218072 0.033654 0.026506
6 0.635817 0.198795 0.050481 0.036145
6 0.705529 0.509639 0.064904 0.045783
6 0.412260 0.639759 0.069712 0.036145
7 0.186298 0.496386 0.132212 0.130120
7 0.275240 0.830120 0.314904 0.320482
7 0.441106 0.692771 0.127404 0.195181
7 0.780048 0.579518 0.262019 0.272289
7 0.647837 0.295181 0.165865 0.146988
7 0.471154 0.310843 0.110577 0.168675
7 0.311298 0.285542 0.069712 0.055422
8 0.306490 0.334940 0.093750 0.245783
8 0.162260 0.525301 0.185096 0.346988
8 0.334135 0.791566 0.447115 0.407229
8 0.454327 0.698795 0.240385 0.443373
8 0.760817 0.643373 0.391827 0.549398
8 0.472356 0.345783 0.165865 0.412048
8 0.652644 0.321687 0.218750 0.436145