8 0.031250 0.626506 0.062500 0.746988
8 0.033654 0.107229 0.067308 0.214458
8 0.445913 0.112048 0.295673 0.224096
8 0.575721 0.113253 0.228365 0.226506
8 0.933894 0.100000 0.127404 0.200000
8 0.903846 0.514458 0.192308 0.561446
8 0.917067 0.896386 0.165865 0.207229
8 0.557692 0.481928 0.230769 0.520482
8 0.449519 0.561446 0.293269 0.698795
1 0.637019 0.498795 0.048077 0.077108
7 0.937500 0.502410 0.125000 0.455422
7 0.941106 0.093976 0.117788 0.173494
7 0.028846 0.072289 0.057692 0.144578
7 0.026442 0.369880 0.052885 0.180723
11 0.459135 0.386747 0.235577 0.253012
11 0.598558 0.378313 0.110577 0.226506
11 0.594952 0.081928 0.103365 0.163855
11 0.454327 0.086747 0.221154 0.168675
2 0.372596 0.183133 0.115385 0.062651
2 0.521635 0.180723 0.115385 0.072289
2 0.518029 0.251807 0.117788 0.079518
2 0.376202 0.254217 0.122596 0.079518