8 0.968750 0.626506 0.062500 0.746988
8 0.965625 0.107759 0.068726 0.215518
8 0.553822 0.112554 0.295913 0.225084
8 0.423438 0.114867 0.227476 0.226265
8 0.063870 0.101108 0.127716 0.198747
8 0.095072 0.516193 0.190144 0.560795
8 0.082091 0.897590 0.164183 0.204819
8 0.441226 0.482482 0.232163 0.520892
8 0.548750 0.562241 0.292692 0.697639
1 0.362716 0.499855 0.047644 0.077181
7 0.061875 0.503952 0.123750 0.457133
7 0.058702 0.095759 0.117404 0.174313
7 0.969952 0.073494 0.060096 0.146988
7 0.972356 0.372289 0.055288 0.180723
11 0.540553 0.388313 0.235096 0.253398
11 0.400577 0.379904 0.109663 0.226241
11 0.403846 0.083133 0.100962 0.166265
11 0.545409 0.087301 0.220721 0.167711
2 0.626827 0.184434 0.115721 0.062482
2 0.476755 0.182000 0.114351 0.071398
2 0.480505 0.253542 0.118413 0.080217
2 0.622933 0.256602 0.121683 0.079494