8 0.038462 0.072289 0.076923 0.144578
7 0.038462 0.071084 0.076923 0.142169
8 0.093750 0.067470 0.091346 0.134940
8 0.450721 0.051807 0.271635 0.103614
8 0.558894 0.040964 0.209135 0.081928
7 0.092548 0.067470 0.074519 0.134940
11 0.578125 0.037349 0.103365 0.074699
11 0.460337 0.045783 0.199519 0.091566
8 0.127404 0.680723 0.153846 0.628916
8 0.056490 0.237349 0.088942 0.204819
7 0.057692 0.207229 0.072115 0.144578
7 0.096154 0.485542 0.072115 0.190361
8 0.181490 0.677108 0.151442 0.636145
8 0.118990 0.230120 0.088942 0.204819
8 0.477163 0.191566 0.271635 0.243373
8 0.585337 0.178313 0.209135 0.240964
8 0.873798 0.132530 0.122596 0.212048
8 0.893029 0.520482 0.209135 0.530120
8 0.933894 0.875904 0.127404 0.219277
8 0.611779 0.525301 0.247596 0.501205
8 0.532452 0.614458 0.319712 0.679518
1 0.677885 0.540964 0.043269 0.084337
7 0.919471 0.508434 0.146635 0.438554
7 0.878606 0.126506 0.112981 0.185542
7 0.111779 0.200000 0.074519 0.144578
7 0.147837 0.480723 0.074519 0.190361
11 0.521635 0.453012 0.221154 0.269880
11 0.633413 0.430120 0.117788 0.228916
11 0.598558 0.151807 0.100962 0.173494
11 0.480769 0.168675 0.201923 0.187952
2 0.425481 0.271084 0.105769 0.065060
2 0.550481 0.254217 0.100962 0.074699
2 0.555288 0.315663 0.105769 0.081928
2 0.437500 0.333735 0.110577 0.079518
8 0.955529 0.116867 0.084135 0.214458
7 0.969952 0.495181 0.055288 0.436145
7 0.955529 0.113253 0.084135 0.192771