6 0.325342 0.010709 0.059572 0.021418
7 0.191661 0.020031 0.179723 0.040062
2 0.799395 0.480725 0.101308 0.057950
2 0.584936 0.498573 0.076880 0.060565
2 0.731338 0.547850 0.043017 0.044323
2 0.363093 0.066969 0.095963 0.100149
2 0.384130 0.328001 0.103803 0.092132
6 0.327592 0.030167 0.059572 0.028714
6 0.369720 0.380180 0.060465 0.042303
6 0.573326 0.539028 0.031066 0.025299
6 0.749558 0.579223 0.026798 0.025872
6 0.804945 0.511292 0.055466 0.032613
11 0.891688 0.613589 0.203154 0.141576
7 0.773981 0.620615 0.074938 0.064337
7 0.572320 0.612185 0.115376 0.135959
7 0.191368 0.461576 0.310046 0.270397
7 0.197114 0.059537 0.179723 0.073051
8 0.250162 0.557598 0.500324 0.557663
8 0.831594 0.590550 0.336812 0.333698
8 0.770995 0.589665 0.110098 0.147954
8 0.608788 0.657234 0.228354 0.393487