2 0.229875 0.471509 0.110966 0.047136
2 0.475919 0.468491 0.082336 0.052046
2 0.314766 0.529719 0.044891 0.039361
2 0.680561 0.038312 0.100000 0.076624
2 0.685545 0.285371 0.110000 0.080435
6 0.707726 0.334246 0.065358 0.035703
6 0.493614 0.506343 0.033178 0.021841
6 0.297508 0.561637 0.028162 0.022813
6 0.226947 0.501458 0.060654 0.026675
11 0.139564 0.608107 0.219657 0.119412
7 0.274299 0.603785 0.079657 0.055934
7 0.502866 0.576675 0.118474 0.122327
7 0.877586 0.395806 0.244829 0.235550
7 0.868629 0.018261 0.200218 0.036522
8 0.802150 0.491765 0.395701 0.495038
8 0.191417 0.584297 0.382835 0.286880
8 0.274268 0.573708 0.110997 0.134604
8 0.466355 0.623478 0.220436 0.364169