5 0.483854 0.019577 0.159375 0.039154
6 0.136198 0.665231 0.029687 0.021143
4 0.459115 0.272122 0.104687 0.113547
4 0.835156 0.299139 0.123437 0.122161
5 0.815885 0.203994 0.120313 0.068128
5 0.488281 0.152310 0.158854 0.075959
5 0.156250 0.639389 0.035417 0.024276
7 0.518490 0.642522 0.323437 0.550509
7 0.862760 0.617463 0.274479 0.517619
7 0.153385 0.769381 0.092188 0.160532
8 0.131510 0.810885 0.147396 0.378230
8 0.510156 0.547768 0.551562 0.904464
8 0.849479 0.569303 0.301042 0.861394