2 0.617708 0.339844 0.064583 0.042188
2 0.413542 0.349219 0.072917 0.045313
2 0.709375 0.327344 0.027083 0.017188
2 0.658333 0.336719 0.033333 0.017188
2 0.821875 0.345313 0.031250 0.018750
2 0.866667 0.318750 0.025000 0.018750
2 0.833333 0.330469 0.029167 0.014063
2 0.671875 0.321875 0.018750 0.012500
6 0.815625 0.360938 0.010417 0.006250
4 0.712500 0.341406 0.012500 0.010937
6 0.662500 0.355469 0.008333 0.010938
6 0.606250 0.378125 0.033333 0.018750
6 0.412500 0.385938 0.033333 0.018750
11 0.408333 0.470313 0.100000 0.165625
11 0.634375 0.472656 0.122917 0.179688
11 0.703125 0.365625 0.035417 0.053125
11 0.850000 0.354688 0.025000 0.018750
11 0.881250 0.373437 0.041667 0.065625
7 0.839583 0.399219 0.050000 0.073437
7 0.678125 0.360938 0.014583 0.031250
7 0.665625 0.391406 0.047917 0.064063
8 0.877083 0.400000 0.058333 0.181250
8 0.842708 0.407813 0.052083 0.168750
8 0.836458 0.422656 0.056250 0.176563
8 0.713542 0.399219 0.064583 0.167187
8 0.676042 0.401562 0.043750 0.171875
8 0.663542 0.361719 0.039583 0.067188
8 0.643750 0.560156 0.154167 0.485937
8 0.401042 0.539062 0.135417 0.425000