2 0.467000 0.618590 0.174000 0.211538
6 0.494000 0.775641 0.032000 0.051282
2 0.837000 0.818910 0.154000 0.208333
2 0.282000 0.415064 0.140000 0.163462
1 0.357000 0.535256 0.042000 0.096154
1 0.550000 0.838141 0.064000 0.060897
1 0.585000 0.846154 0.046000 0.070513
1 0.737000 0.881410 0.034000 0.089744
1 0.758000 0.844551 0.036000 0.086538
7 0.822000 0.974359 0.180000 0.038462
7 0.440000 0.895833 0.200000 0.195513
7 0.257000 0.770833 0.230000 0.445513
8 0.267000 0.663462 0.290000 0.660256
8 0.478000 0.753205 0.280000 0.480769
8 0.803000 0.852564 0.266000 0.282051