2 0.438540 0.617404 0.162100 0.205609
6 0.462620 0.770641 0.029500 0.049103
2 0.821700 0.816186 0.166880 0.211410
2 0.265660 0.420160 0.132300 0.160096
1 0.336140 0.537981 0.040220 0.093077
1 0.516440 0.833365 0.059660 0.064167
1 0.549660 0.841859 0.042080 0.074039
1 0.712080 0.879615 0.037260 0.096090
1 0.735780 0.839519 0.040960 0.087147
7 0.805200 0.977212 0.197660 0.045577
7 0.413420 0.896186 0.185680 0.207628
7 0.242740 0.775096 0.215920 0.449776
8 0.251000 0.669872 0.270000 0.660256
8 0.449720 0.757308 0.264180 0.485385
8 0.785500 0.853462 0.294860 0.293077