8 0.807798 0.645813 0.266481 0.708373
8 0.889621 0.647627 0.220758 0.704745
8 0.574998 0.650229 0.288537 0.699541
8 0.378841 0.629722 0.318264 0.740557
8 0.170670 0.585548 0.285472 0.828904
8 0.079262 0.603994 0.158523 0.792011
6 0.088260 0.343144 0.054644 0.046881
6 0.257903 0.336898 0.040714 0.064801
6 0.416574 0.404293 0.060658 0.054198
6 0.603222 0.420803 0.060162 0.054116
6 0.791262 0.425558 0.051877 0.050474
6 0.904622 0.445725 0.059464 0.078448
5 0.936109 0.351350 0.105890 0.087839
5 0.842389 0.340528 0.111864 0.090866
5 0.615423 0.336752 0.072294 0.056238
5 0.430491 0.308814 0.090101 0.071040
5 0.233795 0.226168 0.101634 0.090225
5 0.088680 0.255834 0.090603 0.071006
7 0.062064 0.536349 0.124127 0.360159
7 0.166834 0.567027 0.189707 0.455024
7 0.393655 0.604786 0.211149 0.383711
7 0.587595 0.588861 0.168137 0.302095
7 0.812918 0.639822 0.187077 0.386288
7 0.914499 0.705041 0.161554 0.522606
8 0.950538 0.657694 0.098924 0.684611
7 0.962616 0.720164 0.074768 0.522606