2 0.497529 0.686573 0.165905 0.242692
6 0.522385 0.867064 0.030212 0.057934
2 0.889189 0.897504 0.170796 0.204992
2 0.320630 0.454624 0.135392 0.188987
1 0.392813 0.593262 0.041236 0.109776
1 0.577459 0.940828 0.061040 0.075764
1 0.611401 0.950748 0.043103 0.087349
1 0.777344 0.969073 0.038218 0.061854
1 0.801479 0.947498 0.041982 0.102792
7 0.472353 0.946277 0.189990 0.107447
7 0.297831 0.803816 0.221290 0.392369
8 0.306086 0.679777 0.276883 0.640447
8 0.509188 0.782541 0.270638 0.434919
8 0.850731 0.895371 0.298539 0.209258