8 0.113638 0.609408 0.227276 0.781183
8 0.050094 0.608046 0.100187 0.783908
8 0.384002 0.622807 0.278558 0.754386
8 0.622425 0.605612 0.314069 0.788776
8 0.871669 0.559765 0.256661 0.880470
6 0.984347 0.325093 0.031307 0.052174
6 0.797245 0.306639 0.043842 0.074506
6 0.600835 0.375384 0.069391 0.060490
6 0.375562 0.382539 0.068788 0.060426
6 0.149701 0.375798 0.058948 0.056650
6 0.022372 0.392051 0.044745 0.089498
5 0.021884 0.279158 0.043768 0.097516
5 0.096222 0.272592 0.128842 0.100717
5 0.368659 0.283034 0.083505 0.062124
5 0.592925 0.262346 0.103982 0.078559
5 0.836321 0.178184 0.116321 0.100653
5 0.977630 0.222533 0.044741 0.078485
7 0.885275 0.582860 0.189557 0.529767
7 0.609888 0.612335 0.222787 0.443229
7 0.378853 0.580922 0.177735 0.348824
7 0.104051 0.625999 0.192932 0.447955
7 0.025249 0.694887 0.050498 0.610226