2 0.702900 0.137411 0.171550 0.126327
2 0.137450 0.194292 0.220075 0.130841
2 0.543875 0.031648 0.112175 0.063296
5 0.846525 0.398540 0.161925 0.075841
5 0.493525 0.294004 0.167950 0.060929
20 0.320800 0.416637 0.641575 0.833274
6 0.550375 0.110199 0.077400 0.043429
6 0.123600 0.326858 0.145950 0.087367
6 0.721625 0.253208 0.109900 0.077212
6 0.491050 0.428296 0.111075 0.069004
6 0.833150 0.535619 0.106875 0.075664
7 0.791175 0.723252 0.290800 0.340332
7 0.467725 0.634115 0.322725 0.352301
7 0.098300 0.602367 0.196575 0.474646
11 0.746925 0.407080 0.284300 0.309757
7 0.558875 0.184336 0.170400 0.182810
8 0.537000 0.139823 0.234175 0.279646
8 0.127050 0.565265 0.254075 0.869469
8 0.449850 0.630531 0.408450 0.738938
8 0.766175 0.678097 0.385825 0.643805
8 0.757475 0.331150 0.413225 0.520708