2 0.336250 0.274167 0.182500 0.111667
2 0.907500 0.325000 0.185000 0.116667
2 0.503750 0.173333 0.117500 0.070000
5 0.185000 0.504167 0.170000 0.068333
5 0.556250 0.412500 0.177500 0.055000
9 0.791250 0.050833 0.222500 0.068333
20 0.700000 0.510000 0.600000 0.756667
6 0.496250 0.250000 0.082500 0.040000
6 0.933750 0.441667 0.132500 0.076667
6 0.316250 0.375833 0.117500 0.068333
6 0.558750 0.530833 0.117500 0.061667
6 0.198750 0.625000 0.112500 0.066667
7 0.241250 0.790833 0.307500 0.301667
7 0.582500 0.712500 0.340000 0.311667
7 0.933750 0.685000 0.132500 0.420000
11 0.290000 0.511667 0.300000 0.273333
7 0.487500 0.315833 0.180000 0.161667
8 0.511250 0.268333 0.247500 0.263333
8 0.902500 0.634167 0.195000 0.731667
8 0.601250 0.691667 0.432500 0.616667
8 0.268750 0.733333 0.407500 0.533333
8 0.278750 0.445000 0.437500 0.460000