2 0.702900 0.265183 0.171550 0.095167
2 0.137450 0.308033 0.220075 0.098567
2 0.543875 0.179200 0.112175 0.060300
5 0.846525 0.461900 0.161925 0.057133
5 0.493525 0.383150 0.167950 0.045900
9 0.271275 0.073967 0.210625 0.057950
20 0.320800 0.466367 0.641575 0.646067
6 0.550375 0.244683 0.077400 0.032717
6 0.123600 0.407900 0.145950 0.065817
6 0.721625 0.352417 0.109900 0.058167
6 0.491050 0.484317 0.111075 0.051983
6 0.833150 0.565167 0.106875 0.057000
7 0.791175 0.706517 0.290800 0.256383
7 0.467725 0.639367 0.322725 0.265400
7 0.098300 0.615450 0.196575 0.357567
11 0.746925 0.468333 0.284300 0.233350
7 0.558875 0.300533 0.170400 0.137717
8 0.537000 0.260333 0.234175 0.224000
8 0.127050 0.630000 0.254075 0.740000
8 0.449850 0.679167 0.408450 0.641667
8 0.766175 0.715000 0.385825 0.570000
8 0.757475 0.411133 0.413225 0.392267