2 0.421875 0.209375 0.187500 0.178125
2 0.842187 0.167187 0.153125 0.131250
2 0.046875 0.168750 0.050000 0.100000
5 0.232813 0.190625 0.115625 0.084375
6 0.022656 0.275000 0.029687 0.040625
6 0.245312 0.311719 0.050000 0.057812
6 0.801562 0.295312 0.028125 0.050000
7 0.825000 0.616406 0.234375 0.595313
7 0.388281 0.717969 0.304688 0.557812
7 0.247656 0.425000 0.029688 0.106250
7 0.131250 0.504687 0.162500 0.406250
7 0.085938 0.400000 0.056250 0.178125
7 0.030469 0.466406 0.060937 0.339063
2 0.089063 0.199219 0.056250 0.076562
6 0.085938 0.275000 0.040625 0.037500
2 0.171094 0.260156 0.020312 0.039062
8 0.209375 0.363281 0.106250 0.251563
8 0.085156 0.259375 0.070312 0.209375
8 0.050000 0.553125 0.100000 0.887500
8 0.160156 0.573437 0.232812 0.846875
2 0.403906 0.559375 0.454687 0.875000
2 0.805469 0.546875 0.367188 0.900000
22 0.510937 0.498437 0.971875 0.996875