2 0.586720 0.220818 0.180027 0.176085
2 0.168747 0.179786 0.159280 0.138683
2 0.955520 0.182562 0.051520 0.106085
5 0.768613 0.204911 0.113200 0.085516
6 0.979493 0.287295 0.032240 0.036833
6 0.756747 0.321815 0.048053 0.052171
6 0.212720 0.306584 0.028000 0.047722
7 0.185120 0.619787 0.243200 0.583167
7 0.618480 0.721423 0.292000 0.557153
7 0.753680 0.429146 0.030507 0.103025
7 0.869440 0.508185 0.163440 0.391601
7 0.914480 0.406548 0.058560 0.172562
7 0.969700 0.472064 0.060600 0.327295
2 0.911627 0.214270 0.058293 0.076619
6 0.914293 0.287829 0.041173 0.033950
2 0.827973 0.274555 0.021200 0.035516
8 0.790587 0.372883 0.104853 0.239644
8 0.915440 0.270036 0.071440 0.200036
8 0.950200 0.560285 0.099600 0.879395
8 0.841333 0.581851 0.232000 0.836299
2 0.604613 0.567224 0.438267 0.865552
2 0.203440 0.553381 0.381360 0.893238
22 0.488920 0.500000 0.977840 1.000000