2 0.455600 0.286437 0.069220 0.090958
2 0.778880 0.285090 0.122940 0.186497
2 0.589560 0.313832 0.074020 0.084641
2 0.147360 0.164641 0.135040 0.130719
5 0.336940 0.305569 0.075000 0.055898
5 0.696800 0.307186 0.053400 0.072216
6 0.156360 0.294910 0.060540 0.089641
6 0.328340 0.396557 0.034220 0.060449
6 0.459380 0.368174 0.038020 0.035389
6 0.597400 0.398323 0.039640 0.042844
6 0.719040 0.411976 0.041040 0.052545
6 0.785740 0.404222 0.051740 0.055509
7 0.876900 0.625329 0.198280 0.532066
7 0.742480 0.601437 0.038880 0.339910
7 0.610220 0.535389 0.100640 0.251078
7 0.453960 0.504132 0.111540 0.235629
7 0.282720 0.568114 0.104280 0.311976
7 0.102660 0.568772 0.186740 0.464761
8 0.110960 0.549311 0.221920 0.901377
8 0.321100 0.637365 0.182840 0.725269
8 0.453720 0.591737 0.164620 0.707994
8 0.619000 0.633234 0.146000 0.733533
8 0.727420 0.635599 0.116080 0.728772
8 0.854340 0.595988 0.264560 0.808024