2 0.551011 0.286437 0.077775 0.090958
2 0.187775 0.285090 0.138135 0.186497
2 0.400494 0.313832 0.083169 0.084641
2 0.897348 0.164641 0.151730 0.130719
5 0.684337 0.305569 0.084270 0.055898
5 0.280000 0.307186 0.060000 0.072216
6 0.887236 0.294910 0.068022 0.089641
6 0.694000 0.396557 0.038449 0.060449
6 0.546764 0.368174 0.042719 0.035389
6 0.391685 0.398323 0.044539 0.042844
6 0.255011 0.411976 0.046112 0.052545
6 0.180067 0.404222 0.058135 0.055509
7 0.094517 0.625329 0.189034 0.532066
7 0.228674 0.601437 0.043685 0.339910
7 0.377281 0.535389 0.113079 0.251078
7 0.552854 0.504132 0.125326 0.235629
7 0.745258 0.568114 0.117169 0.311976
7 0.921331 0.568772 0.157337 0.464761
8 0.906787 0.549311 0.186427 0.901377
8 0.702135 0.637365 0.205438 0.725269
8 0.553124 0.591737 0.184966 0.707994
8 0.367416 0.633234 0.164045 0.733533
8 0.245596 0.635599 0.130427 0.728772
8 0.125809 0.595988 0.251618 0.808024