2 0.468010 0.276231 0.087179 0.094642
2 0.875164 0.274829 0.154836 0.194050
2 0.636725 0.304735 0.093224 0.088069
2 0.082418 0.149502 0.164836 0.136012
5 0.318564 0.296137 0.094458 0.058162
5 0.771788 0.297819 0.067254 0.075140
6 0.091133 0.285047 0.076247 0.093271
6 0.307733 0.390810 0.043098 0.062897
6 0.472771 0.361277 0.047884 0.036822
6 0.646600 0.392648 0.049925 0.044579
6 0.799798 0.406854 0.051688 0.054673
6 0.883804 0.398785 0.065164 0.057757
7 0.936877 0.628847 0.126247 0.553614
7 0.829320 0.603988 0.048967 0.353676
7 0.662746 0.535265 0.126751 0.261246
7 0.465945 0.502741 0.140479 0.245171
7 0.250277 0.569315 0.131335 0.324611
7 0.070548 0.570000 0.141096 0.483583
8 0.086851 0.540405 0.173703 0.919190
8 0.298615 0.632025 0.230277 0.735950
8 0.465642 0.593894 0.207330 0.736667
8 0.673804 0.627726 0.183879 0.744548
8 0.810353 0.630195 0.146196 0.739611
8 0.901801 0.588972 0.196398 0.822056