5 0.478889 0.025148 0.055556 0.032544
23 0.462222 0.247041 0.120000 0.269231
5 0.565556 0.149408 0.175556 0.180473
5 0.826667 0.170118 0.337778 0.316568
5 0.671111 0.013314 0.040000 0.026627
5 0.181111 0.164201 0.122222 0.091716
6 0.658889 0.048817 0.020000 0.020710
6 0.487778 0.063609 0.020000 0.020710
6 0.603333 0.288462 0.091111 0.097633
6 0.841111 0.483728 0.220000 0.144970
7 0.672222 0.122781 0.068889 0.115385
7 0.477778 0.146450 0.066667 0.127219
7 0.611111 0.519231 0.244444 0.452663
7 0.908889 0.764793 0.173333 0.458580
7 0.244444 0.534024 0.240000 0.446746
6 0.203333 0.282544 0.091111 0.056213
8 0.237778 0.554734 0.288889 0.878698
8 0.828889 0.504438 0.333333 0.979290
8 0.673333 0.110947 0.075556 0.221893
8 0.484444 0.202663 0.111111 0.393491
8 0.645556 0.526627 0.331111 0.934911