2 0.598184 0.275888 0.136440 0.107407
1 0.830284 0.682748 0.161261 0.108587
1 0.906409 0.664835 0.089360 0.081131
1 0.687767 0.811043 0.063550 0.076085
1 0.716086 0.839592 0.071995 0.082135
1 0.271184 0.781554 0.108780 0.112496
11 0.078445 0.666566 0.156889 0.409684
11 0.317410 0.647679 0.235109 0.364570
11 0.561101 0.591248 0.330640 0.428868
1 0.407225 0.683405 0.018680 0.037536
2 0.311532 0.360289 0.104926 0.094977
2 0.034974 0.330640 0.069947 0.111775
6 0.029124 0.451333 0.058247 0.057679
6 0.323684 0.452059 0.058699 0.052371
6 0.607104 0.388279 0.078641 0.062565
8 0.594078 0.595489 0.400515 0.772887
8 0.294959 0.651834 0.306386 0.696332
8 0.105378 0.630530 0.210755 0.738940