2 0.657083 0.227500 0.104167 0.105000
1 0.820833 0.721875 0.136667 0.103750
1 0.889583 0.713125 0.077500 0.083750
1 0.691250 0.847500 0.045833 0.075000
1 0.712083 0.882500 0.052500 0.080000
1 0.346667 0.747500 0.091667 0.117500
11 0.119583 0.578750 0.239167 0.427500
11 0.395417 0.606250 0.180833 0.382500
11 0.603750 0.580000 0.244167 0.445000
1 0.471667 0.653750 0.013333 0.042500
2 0.413750 0.279375 0.084167 0.093750
2 0.142083 0.197500 0.107500 0.112500
6 0.141667 0.336875 0.071667 0.053750
6 0.419167 0.386250 0.046667 0.052500
6 0.656667 0.358125 0.060000 0.061250
8 0.629583 0.584375 0.275833 0.826250
8 0.374167 0.612500 0.218333 0.770000
8 0.136667 0.568125 0.273333 0.858750