2 0.365871 0.339444 0.130291 0.101743
1 0.199681 0.779241 0.154586 0.102626
1 0.124379 0.781659 0.084985 0.076989
1 0.353678 0.863506 0.059846 0.072405
1 0.330503 0.897402 0.067929 0.078128
1 0.748240 0.730782 0.103012 0.106906
11 0.922521 0.557970 0.154957 0.390418
11 0.685614 0.616998 0.218727 0.347632
11 0.444682 0.625595 0.310305 0.408399
1 0.604582 0.673131 0.017102 0.035848
2 0.651754 0.346218 0.099799 0.090126
2 0.937828 0.241941 0.117254 0.106068
6 0.944943 0.357531 0.076661 0.054569
6 0.652734 0.435276 0.055855 0.049688
6 0.372777 0.447010 0.075076 0.059274
8 0.413710 0.634454 0.367712 0.731092
8 0.708860 0.623358 0.277344 0.682072
8 0.898906 0.555279 0.202188 0.759972