2 0.786719 0.280469 0.167188 0.145313
1 0.930469 0.865625 0.132812 0.140625
1 0.765625 0.956250 0.078125 0.081250
1 0.792188 0.976562 0.090625 0.040625
1 0.300781 0.769531 0.126563 0.142187
11 0.104688 0.528125 0.209375 0.525000
11 0.382031 0.624219 0.276562 0.464062
11 0.672656 0.650000 0.401562 0.546875
1 0.474219 0.704688 0.023438 0.046875
2 0.439063 0.271094 0.121875 0.126562
2 0.105469 0.120313 0.145313 0.131250
6 0.089844 0.267969 0.095313 0.076563
6 0.432812 0.390625 0.068750 0.071875
6 0.770312 0.424219 0.096875 0.082813
8 0.710938 0.585938 0.493750 0.821875
8 0.354687 0.586719 0.368750 0.820312
8 0.138281 0.514844 0.276562 0.964062