1 0.745453 0.596346 0.112829 0.109340
1 0.718354 0.663307 0.112052 0.115837
1 0.565524 0.640839 0.162068 0.209819
1 0.259489 0.894547 0.064032 0.095149
6 0.064973 0.614292 0.097588 0.133576
6 0.724895 0.432415 0.088263 0.079637
6 0.858416 0.369150 0.109733 0.145058
2 0.866012 0.159561 0.267976 0.309375
2 0.700143 0.317492 0.153507 0.159194
2 0.083177 0.451768 0.166355 0.257132
7 0.095371 0.812073 0.190743 0.375855
7 0.761642 0.663393 0.270489 0.495321
7 0.912988 0.552806 0.174023 0.459498
8 0.848106 0.700649 0.303788 0.598701
8 0.720234 0.486008 0.559532 0.972017
8 0.771336 0.608271 0.373088 0.783458
8 0.157504 0.651703 0.315007 0.696595