4 0.752218 0.516122 0.129466 0.143250
4 0.382602 0.259379 0.156588 0.205229
5 0.392736 0.075823 0.169934 0.151647
5 0.699031 0.180030 0.092333 0.070615
6 0.659593 0.279601 0.048391 0.050148
6 0.558484 0.545088 0.083752 0.088304
5 0.556565 0.323730 0.201723 0.163617
5 0.736585 0.311968 0.141153 0.156943
7 0.484739 0.769401 0.332593 0.461198
7 0.306032 0.602405 0.327480 0.795191
7 0.737754 0.780510 0.285573 0.438979
8 0.919564 0.510343 0.160873 0.979314
8 0.691338 0.241405 0.117188 0.200221
8 0.771827 0.612149 0.426548 0.775702
8 0.537239 0.589377 0.491532 0.821247
8 0.273652 0.500000 0.433801 1.000000