4 0.328125 0.454545 0.106250 0.112853
4 0.653125 0.264107 0.127083 0.164577
5 0.651042 0.094828 0.139583 0.139498
5 0.385417 0.170846 0.077083 0.053292
5 0.051042 0.063480 0.102083 0.086207
6 0.043229 0.210815 0.063542 0.070533
6 0.415625 0.259404 0.039583 0.039185
6 0.492708 0.495298 0.068750 0.068966
5 0.501563 0.305643 0.167708 0.125392
5 0.348438 0.280564 0.115625 0.125392
7 0.544792 0.753918 0.264583 0.492163
7 0.704688 0.597962 0.251042 0.725705
7 0.327604 0.752351 0.223958 0.495298
7 0.077604 0.472571 0.155208 0.493730
8 0.115104 0.509404 0.230208 0.981191
8 0.389583 0.224138 0.093750 0.163009
8 0.304167 0.607367 0.333333 0.782132
8 0.506250 0.599530 0.387500 0.800940
8 0.736458 0.511755 0.331250 0.976489