8 0.133000 0.275000 0.034000 0.068750
8 0.239000 0.278125 0.034000 0.068750
6 0.247000 0.267188 0.014000 0.015625
6 0.136000 0.267188 0.020000 0.015625
5 0.129000 0.243750 0.022000 0.012500
5 0.246000 0.251563 0.020000 0.015625
7 0.244000 0.293750 0.024000 0.031250
7 0.132000 0.290625 0.028000 0.031250
5 0.990000 0.318750 0.012000 0.018750
5 0.868000 0.318750 0.004000 0.006250
5 0.853000 0.318750 0.006000 0.006250
5 0.673000 0.328125 0.014000 0.018750
5 0.663000 0.364063 0.018000 0.021875
6 0.665000 0.335938 0.014000 0.015625
6 0.668000 0.373437 0.008000 0.009375
7 0.990000 0.378125 0.012000 0.081250
7 0.869000 0.337500 0.010000 0.025000
7 0.854000 0.339062 0.012000 0.021875
7 0.662000 0.396875 0.024000 0.037500
7 0.640000 0.339062 0.040000 0.053125
8 0.645000 0.390625 0.066000 0.162500
8 0.663000 0.412500 0.034000 0.118750
8 0.852000 0.334375 0.016000 0.037500
8 0.868000 0.334375 0.012000 0.037500
8 0.988000 0.404687 0.016000 0.190625