8 0.149904 0.294772 0.037243 0.081929
8 0.263317 0.300486 0.039900 0.079532
6 0.272730 0.287584 0.014518 0.018024
6 0.153100 0.283799 0.021232 0.019830
5 0.146074 0.258093 0.023761 0.014801
5 0.271355 0.268414 0.020923 0.016391
7 0.266977 0.319662 0.028257 0.036580
7 0.149202 0.312368 0.031028 0.037545
5 0.944430 0.360284 0.005919 0.005882
5 0.925956 0.360229 0.006791 0.008893
5 0.731941 0.368817 0.011605 0.026661
5 0.721312 0.412458 0.017950 0.023019
6 0.723424 0.378375 0.011642 0.023010
6 0.726312 0.424316 0.007294 0.009268
7 0.944369 0.385053 0.012805 0.032856
7 0.926732 0.383771 0.013172 0.029686
7 0.718549 0.449086 0.024571 0.043816
7 0.696963 0.381348 0.043289 0.067616
8 0.701332 0.441273 0.071037 0.196152
8 0.720391 0.469835 0.037151 0.140547
8 0.926076 0.378571 0.018309 0.046948
8 0.943878 0.381098 0.016170 0.048917