8 0.973410 0.266379 0.046308 0.071661
6 0.962436 0.254485 0.016949 0.016146
5 0.964231 0.237076 0.024513 0.014551
7 0.968923 0.283754 0.032974 0.032791
5 0.006410 0.308970 0.012821 0.019934
5 0.170282 0.309103 0.006923 0.005249
5 0.192051 0.309369 0.007923 0.007973
5 0.420590 0.320498 0.013436 0.024053
5 0.432718 0.360365 0.020949 0.020631
6 0.430538 0.329336 0.013513 0.020731
6 0.426718 0.371063 0.008513 0.008306
7 0.005128 0.373754 0.010256 0.083056
7 0.170128 0.331628 0.014795 0.029668
7 0.190923 0.330764 0.015256 0.026777
7 0.435641 0.393721 0.028564 0.039435
7 0.461692 0.332492 0.050410 0.060764
8 0.456000 0.386910 0.081949 0.177209
8 0.433282 0.412558 0.042513 0.127209
8 0.191744 0.326047 0.021154 0.042392
8 0.170744 0.328040 0.018615 0.044219
8 0.008692 0.402658 0.017385 0.206578