8 0.129000 0.287500 0.034000 0.068750
8 0.234000 0.289062 0.036000 0.065625
6 0.242000 0.279687 0.012000 0.015625
6 0.132000 0.276562 0.020000 0.015625
5 0.125000 0.256250 0.022000 0.012500
5 0.241000 0.262500 0.018000 0.012500
7 0.237000 0.306250 0.026000 0.031250
7 0.129000 0.301562 0.030000 0.034375
5 0.991000 0.331250 0.018000 0.018750
5 0.860000 0.329688 0.004000 0.003125
5 0.843000 0.329688 0.006000 0.009375
5 0.665000 0.340625 0.010000 0.025000
5 0.656000 0.378125 0.016000 0.018750
6 0.657000 0.350000 0.010000 0.018750
6 0.660000 0.387500 0.008000 0.006250
7 0.992000 0.392188 0.016000 0.078125
7 0.860000 0.351562 0.012000 0.028125
7 0.844000 0.350000 0.012000 0.025000
7 0.653000 0.409375 0.022000 0.037500
7 0.633000 0.351562 0.038000 0.059375
8 0.638000 0.403125 0.064000 0.168750
8 0.655000 0.428125 0.034000 0.118750
8 0.844000 0.345313 0.016000 0.040625
8 0.860000 0.348438 0.016000 0.040625
8 0.990000 0.418750 0.020000 0.193750