7 0.404000 0.012012 0.036000 0.024024
5 0.390000 0.054054 0.036000 0.030030
6 0.382000 0.031532 0.016000 0.021021
8 0.398000 0.034535 0.056000 0.069069
8 0.263000 0.021021 0.054000 0.042042
7 0.023000 0.073574 0.038000 0.051051
8 0.024000 0.051051 0.048000 0.102102
17 0.506000 0.484985 0.868000 0.939940
17 0.958000 0.414414 0.076000 0.342342
7 0.390000 0.133634 0.036000 0.057057
7 0.247000 0.118619 0.034000 0.051051
5 0.388000 0.075075 0.036000 0.030030
6 0.376000 0.093093 0.016000 0.018018
8 0.388000 0.114114 0.056000 0.108108
8 0.253000 0.090090 0.054000 0.114114