7 0.946000 0.690476 0.108000 0.202381
7 0.794000 0.638393 0.148000 0.193452
7 0.593000 0.581845 0.126000 0.181548
7 0.422000 0.525298 0.144000 0.199405
7 0.088000 0.431548 0.176000 0.220238
5 0.023000 0.282738 0.046000 0.101190
5 0.611000 0.415179 0.086000 0.080357
6 0.978000 0.541667 0.044000 0.047619
6 0.601000 0.491071 0.058000 0.053571
6 0.383000 0.413690 0.042000 0.047619
8 0.180000 0.467262 0.360000 0.470238
8 0.398000 0.581845 0.236000 0.473214
8 0.628000 0.617560 0.364000 0.532738
8 0.821000 0.752976 0.302000 0.494048
8 0.925000 0.724702 0.150000 0.467262