15 0.085938 0.613281 0.162500 0.254687
15 0.289844 0.114844 0.198437 0.229687
15 0.674219 0.507031 0.607813 0.985938
11 0.683594 0.560156 0.023438 0.035937
11 0.911719 0.533594 0.023438 0.042188
11 0.821875 0.164062 0.021875 0.040625
7 0.815625 0.370312 0.021875 0.037500
2 0.817187 0.339062 0.015625 0.025000
2 0.919531 0.493750 0.014062 0.021875
8 0.821875 0.183594 0.040625 0.132812
8 0.814844 0.382812 0.045312 0.118750
8 0.910937 0.562500 0.040625 0.159375
8 0.687500 0.553125 0.034375 0.059375