15 0.928125 0.072656 0.137500 0.145313
15 0.921094 0.225781 0.151562 0.229688
15 0.442187 0.493750 0.765625 0.975000
11 0.424219 0.545313 0.029688 0.037500
11 0.147656 0.455469 0.029688 0.045313
11 0.306250 0.146094 0.025000 0.042187
7 0.288281 0.329688 0.026562 0.034375
2 0.289844 0.302344 0.020313 0.023438
2 0.142969 0.414062 0.020313 0.021875
8 0.303906 0.164844 0.048438 0.132812
8 0.285938 0.340625 0.053125 0.103125
8 0.144531 0.485156 0.054688 0.164062
8 0.419531 0.537500 0.045313 0.062500