15 0.932031 0.602778 0.135938 0.233333
15 0.770500 0.105056 0.170250 0.210083
15 0.403531 0.460139 0.509094 0.920278
11 0.392563 0.500722 0.019172 0.033167
11 0.187000 0.454750 0.018438 0.038472
11 0.285812 0.108556 0.017250 0.036556
7 0.281984 0.306972 0.018250 0.034556
2 0.281859 0.276333 0.012875 0.022917
2 0.182094 0.415917 0.012172 0.019500
8 0.284766 0.127861 0.029812 0.125056
8 0.281734 0.318583 0.035047 0.111611
8 0.186391 0.483139 0.030625 0.150972
8 0.389625 0.493472 0.027859 0.054500