10 0.536699 0.457001 0.222105 0.292655
10 0.276187 0.757632 0.447549 0.484736
10 0.896857 0.170349 0.058446 0.080176
10 0.850107 0.192970 0.053585 0.079800
10 0.778457 0.212570 0.075651 0.118381
10 0.739962 0.232748 0.088616 0.125202
10 0.704374 0.263205 0.116540 0.135087
10 0.656836 0.333655 0.175366 0.195922
8 0.449621 0.110720 0.053770 0.081631
7 0.454621 0.108718 0.034649 0.035129
10 0.936598 0.143088 0.050420 0.050827
10 0.969400 0.136135 0.035842 0.054963
10 0.987297 0.131798 0.025407 0.055316