10 0.490286 0.397882 0.180514 0.205451
10 0.192171 0.647431 0.361486 0.426806
10 0.874971 0.208785 0.047086 0.056424
10 0.826914 0.222674 0.042343 0.056424
10 0.755200 0.232951 0.059029 0.083924
10 0.715429 0.245521 0.070914 0.088264
10 0.677143 0.265764 0.097143 0.094028
10 0.622171 0.314549 0.147143 0.136007
8 0.450743 0.140000 0.042286 0.057778
7 0.455829 0.138819 0.029543 0.024201
10 0.916857 0.191111 0.043029 0.035000
10 0.949429 0.187882 0.028114 0.038924
10 0.974514 0.186146 0.032571 0.038924