10 0.314556 0.451422 0.036656 0.107455
10 0.138178 0.226972 0.005669 0.021385
10 0.130188 0.217178 0.005257 0.019459
10 0.124625 0.209674 0.004432 0.015607
10 0.120165 0.204228 0.003642 0.013615
10 0.096164 0.197692 0.004037 0.014611
10 0.071003 0.192350 0.003658 0.014545
10 0.172774 0.256819 0.014996 0.057315
10 0.166068 0.249581 0.008097 0.051471
10 0.166212 0.262665 0.005524 0.034336
10 0.205124 0.284873 0.013559 0.040379
10 0.180233 0.253928 0.007317 0.029089
10 0.224632 0.256110 0.008007 0.025502
10 0.286201 0.264565 0.006821 0.022514
10 0.358132 0.277634 0.006047 0.021451
10 0.431913 0.293359 0.005257 0.019459
10 0.512048 0.314860 0.006014 0.019592
10 0.587821 0.336064 0.005652 0.020455
10 0.641814 0.353919 0.005652 0.020455
10 0.650132 0.398283 0.012801 0.040246
10 0.692160 0.373932 0.007612 0.024506
10 0.715587 0.401822 0.010791 0.033405
10 0.721862 0.390796 0.006938 0.029023
10 0.514214 0.374004 0.014433 0.047020
10 0.347301 0.330769 0.014778 0.045227
10 0.237811 0.347032 0.020792 0.064819
10 0.570197 0.429051 0.023871 0.068139
10 0.798305 0.459222 0.018353 0.055122
10 0.862101 0.449411 0.012389 0.038320
10 0.838048 0.424676 0.008881 0.032144
10 0.777259 0.393972 0.007629 0.025436
10 0.700097 0.365529 0.006392 0.019658
10 0.626663 0.341004 0.005240 0.018529
10 0.527475 0.312433 0.005618 0.018596
10 0.424433 0.286918 0.005997 0.018662
10 0.328724 0.265486 0.005997 0.018662
10 0.231072 0.246512 0.006030 0.020522
10 0.142835 0.231986 0.007612 0.024506
10 0.673172 0.811728 0.040556 0.119734