10 0.688719 0.524457 0.029248 0.105435
10 0.848886 0.488587 0.020195 0.077174
10 0.547876 0.366848 0.010794 0.038043
10 0.437848 0.352717 0.009401 0.033696
10 0.788997 0.378804 0.009749 0.031522
10 0.301880 0.328804 0.009053 0.033696
10 0.699164 0.377174 0.010446 0.032609
10 0.692723 0.362500 0.005919 0.025000
10 0.611769 0.357609 0.007660 0.028261
10 0.492514 0.347283 0.007312 0.025000
10 0.881442 0.365761 0.004526 0.016304
10 0.362987 0.623913 0.043524 0.167391
10 0.271588 0.323370 0.007660 0.029348
10 0.400592 0.333696 0.008008 0.030435
10 0.724060 0.360326 0.008008 0.027174
10 0.856024 0.363587 0.005919 0.022826
10 0.260794 0.321739 0.006964 0.028261
10 0.109331 0.298370 0.008357 0.018478
10 0.176880 0.303261 0.007660 0.017391
10 0.233635 0.307609 0.006267 0.017391
10 0.281511 0.321196 0.005919 0.020652
10 0.295265 0.311957 0.006964 0.017391
10 0.342096 0.315761 0.005919 0.016304
10 0.353064 0.339130 0.010446 0.030435
10 0.349930 0.329348 0.004875 0.021739
10 0.347145 0.326630 0.004178 0.018478
10 0.384923 0.320652 0.005919 0.015217
10 0.408426 0.330978 0.005571 0.020652
10 0.416086 0.332609 0.006267 0.019565
10 0.467096 0.335870 0.005919 0.019565
10 0.486072 0.338587 0.004875 0.018478
10 0.539519 0.342391 0.005223 0.019565
10 0.582695 0.345652 0.005919 0.015217
10 0.591748 0.344565 0.005919 0.015217
10 0.575731 0.333696 0.003830 0.013043
10 0.602716 0.335870 0.004875 0.010870
10 0.635446 0.348913 0.004875 0.017391
10 0.649373 0.347283 0.005571 0.016304
10 0.687326 0.347826 0.004875 0.015217
10 0.670265 0.339674 0.004178 0.011957
10 0.698816 0.351630 0.005571 0.018478
10 0.742862 0.357609 0.006616 0.021739
10 0.754875 0.356522 0.007660 0.019565
10 0.624304 0.335326 0.005571 0.011957
10 0.772284 0.354891 0.007660 0.022826
10 0.778203 0.351087 0.005571 0.017391
10 0.807451 0.357609 0.005571 0.019565
10 0.832695 0.377717 0.007312 0.027174
10 0.945508 0.372826 0.005919 0.021739
10 0.887535 0.364674 0.004178 0.016304
10 0.891713 0.361957 0.003482 0.015217