10 0.677577 0.530978 0.027159 0.098913
10 0.834262 0.498370 0.022284 0.072826
10 0.542131 0.382065 0.011142 0.038043
10 0.428795 0.367391 0.009401 0.034783
10 0.770369 0.394565 0.008705 0.032609
10 0.287604 0.342935 0.009749 0.033696
10 0.687500 0.392935 0.009401 0.033696
10 0.681407 0.377717 0.005571 0.025000
10 0.606546 0.372283 0.006964 0.029348
10 0.485202 0.361957 0.007312 0.026087
10 0.869951 0.380978 0.005223 0.016304
10 0.351497 0.628804 0.045613 0.166304
10 0.255571 0.337500 0.008357 0.029348
10 0.390494 0.348370 0.008008 0.031522
10 0.710306 0.375543 0.007660 0.027174
10 0.842096 0.378804 0.006616 0.022826
10 0.244255 0.335870 0.007312 0.028261
10 0.098886 0.311957 0.007660 0.019565
10 0.159819 0.316848 0.006964 0.018478
10 0.215703 0.321196 0.006616 0.018478
10 0.266191 0.335326 0.006616 0.020652
10 0.280641 0.326087 0.006964 0.017391
10 0.329387 0.329891 0.006267 0.016304
10 0.341052 0.353804 0.010794 0.031522
10 0.337570 0.343478 0.005223 0.021739
10 0.334784 0.340761 0.004526 0.018478
10 0.374304 0.334783 0.006267 0.015217
10 0.398503 0.345109 0.005919 0.020652
10 0.406337 0.346739 0.006267 0.019565
10 0.458914 0.350000 0.006267 0.019565
10 0.478586 0.353261 0.005223 0.019565
10 0.533600 0.357065 0.005223 0.020652
10 0.578169 0.360326 0.005919 0.016304
10 0.587570 0.359239 0.005919 0.016304
10 0.571031 0.347826 0.004178 0.013043
10 0.598015 0.350000 0.004526 0.010870
10 0.628308 0.363587 0.004526 0.018478
10 0.641191 0.361957 0.005223 0.017391
10 0.676358 0.362500 0.004526 0.016304
10 0.660864 0.353804 0.004178 0.011957
10 0.687152 0.366304 0.005223 0.019565
10 0.727716 0.372283 0.006267 0.022826
10 0.738858 0.371196 0.006964 0.020652
10 0.618036 0.349457 0.004875 0.011957
10 0.754875 0.369565 0.006964 0.023913
10 0.760272 0.365761 0.005223 0.018478
10 0.788475 0.372826 0.005919 0.019565
10 0.816330 0.392935 0.008008 0.027174
10 0.940460 0.388043 0.006267 0.021739
10 0.876741 0.379891 0.004875 0.016304
10 0.881267 0.377174 0.004178 0.015217