10 0.771238 0.402376 0.037288 0.120109
10 0.933494 0.131872 0.005887 0.023604
10 0.940853 0.120014 0.005450 0.021497
10 0.945960 0.111032 0.004575 0.017281
10 0.950068 0.104436 0.003779 0.015034
10 0.972751 0.093112 0.004177 0.016157
10 0.996569 0.082846 0.003818 0.016018
10 0.901311 0.169879 0.015592 0.063227
10 0.907513 0.160969 0.008938 0.055794
10 0.907704 0.174886 0.006078 0.037242
10 0.871221 0.205571 0.013809 0.045094
10 0.894138 0.168172 0.007636 0.032036
10 0.851928 0.178599 0.008197 0.028378
10 0.793532 0.198821 0.007003 0.025007
10 0.725388 0.225835 0.006246 0.023744
10 0.655549 0.256006 0.005450 0.021497
10 0.579807 0.293471 0.006167 0.021776
10 0.508211 0.329823 0.005848 0.022620
10 0.457263 0.358641 0.005848 0.022620
10 0.450460 0.407260 0.013091 0.044815
10 0.409840 0.389085 0.007799 0.027255
10 0.388241 0.422973 0.011022 0.037228
10 0.381990 0.412413 0.007278 0.031896
10 0.579233 0.356656 0.014801 0.052262
10 0.737034 0.280267 0.015081 0.050433
10 0.841669 0.277532 0.021248 0.072209
10 0.527326 0.425323 0.024236 0.076278
10 0.310942 0.499021 0.018703 0.061531
10 0.249967 0.500259 0.012654 0.042707
10 0.272242 0.469606 0.009189 0.035546
10 0.329336 0.425904 0.007838 0.028239
10 0.402073 0.381613 0.006526 0.021915
10 0.471360 0.342163 0.005410 0.020512
10 0.565062 0.293712 0.005769 0.020652
10 0.662508 0.247802 0.006128 0.020792
10 0.753077 0.207566 0.006128 0.020792
10 0.845557 0.169585 0.006206 0.022760
10 0.929186 0.138046 0.007799 0.027255
10 0.438922 0.850399 0.041278 0.133781