10 0.053705 0.139885 0.004585 0.023870
10 0.060061 0.132130 0.004246 0.021720
10 0.064514 0.125971 0.003567 0.017420
10 0.068061 0.121667 0.002944 0.015197
10 0.086164 0.123760 0.003255 0.016308
10 0.105078 0.127631 0.002971 0.016235
10 0.026729 0.159526 0.012142 0.063974
10 0.032021 0.154107 0.006891 0.057455
10 0.031350 0.168566 0.004689 0.038328
10 0.003447 0.178052 0.006894 0.045069
10 0.021316 0.153415 0.005943 0.032469
10 0.050031 0.143633 0.006088 0.027353
10 0.374277 0.440096 0.029146 0.119935
10 0.245122 0.189642 0.004585 0.023870
10 0.239265 0.178713 0.004246 0.021720
10 0.235199 0.170339 0.003567 0.017420
10 0.231929 0.164263 0.002944 0.015197
10 0.213965 0.156981 0.003255 0.016308
10 0.195106 0.151033 0.002971 0.016235
10 0.270686 0.222940 0.012142 0.063974
10 0.265754 0.214864 0.006891 0.057455
10 0.265650 0.229470 0.004689 0.038328
10 0.294588 0.254238 0.010791 0.045069
10 0.276349 0.219709 0.005943 0.032469
10 0.309743 0.222118 0.006400 0.028465
10 0.355962 0.231519 0.005465 0.025129
10 0.409909 0.246065 0.004869 0.023944
10 0.465206 0.263575 0.004246 0.021720
10 0.525192 0.287529 0.004814 0.021868
10 0.581899 0.311154 0.004557 0.022832
10 0.622262 0.331053 0.004557 0.022832
10 0.627805 0.380573 0.010223 0.044921
10 0.659844 0.353365 0.006088 0.027353
10 0.677030 0.384485 0.008609 0.037286
10 0.681934 0.372172 0.005659 0.032395
10 0.525862 0.353552 0.011553 0.052482
10 0.400891 0.305388 0.011782 0.050480
10 0.318189 0.323608 0.016595 0.072348
10 0.567119 0.414969 0.018950 0.076052
10 0.738379 0.448512 0.014615 0.061525
10 0.786572 0.437522 0.009884 0.042771
10 0.768863 0.409924 0.007162 0.035879
10 0.723592 0.375684 0.006116 0.028391
10 0.665957 0.343979 0.005098 0.021941
10 0.611065 0.316645 0.004218 0.020682
10 0.536847 0.284810 0.004502 0.020756
10 0.459678 0.256389 0.004786 0.020830
10 0.387964 0.232522 0.004786 0.020830
10 0.314747 0.211399 0.004841 0.022906
10 0.248547 0.195236 0.006088 0.027353
10 0.638437 0.842101 0.032261 0.133640