10 0.014670 0.433152 0.029340 0.118478
10 0.078647 0.221739 0.012225 0.023913
10 0.237571 0.225000 0.010595 0.021739
10 0.410350 0.233696 0.012225 0.021739
10 0.573757 0.242935 0.011410 0.022826
10 0.690302 0.252717 0.011410 0.022826
10 0.709861 0.302717 0.026080 0.044565
10 0.799104 0.265761 0.015485 0.027174
10 0.850448 0.293478 0.022005 0.036957
10 0.863488 0.279348 0.013855 0.032609
10 0.417278 0.302174 0.029340 0.052174
10 0.057457 0.285870 0.030155 0.050000
10 0.539527 0.354891 0.048900 0.075000
10 0.982478 0.271739 0.015485 0.028261
10 0.815811 0.254348 0.013040 0.021739
10 0.657294 0.240761 0.010595 0.020652
10 0.443358 0.227717 0.011410 0.020652
10 0.221271 0.219022 0.012225 0.020652
10 0.015077 0.213587 0.012225 0.020652
10 0.775249 0.779804 0.082926 0.132076