10 0.746677 0.520842 0.032830 0.102291
10 0.918670 0.438537 0.026697 0.076066
10 0.592888 0.424831 0.013395 0.039572
10 0.467375 0.448253 0.011380 0.035921
10 0.845156 0.361572 0.010549 0.033641
10 0.310837 0.471601 0.011733 0.035010
10 0.753646 0.387285 0.011348 0.034895
10 0.746481 0.374926 0.006870 0.025428
10 0.663701 0.394415 0.008533 0.029990
10 0.529475 0.424573 0.008823 0.027027
10 0.954673 0.316000 0.006235 0.017107
10 0.389605 0.720409 0.055142 0.171968
10 0.275325 0.477005 0.010070 0.030448
10 0.424554 0.442894 0.009749 0.032386
10 0.778315 0.363370 0.009239 0.028167
10 0.923866 0.323108 0.007960 0.023720
10 0.262788 0.479188 0.008886 0.029079
10 0.101654 0.504423 0.009019 0.020986
10 0.169047 0.489001 0.008219 0.019731
10 0.230852 0.474727 0.007835 0.019616
10 0.286983 0.471461 0.007898 0.021668
10 0.302665 0.457989 0.008188 0.018705
10 0.356576 0.445549 0.007388 0.017450
10 0.370140 0.464283 0.012823 0.033302
10 0.365999 0.455682 0.006392 0.022236
10 0.362847 0.454033 0.005529 0.018929
10 0.406292 0.435395 0.007357 0.016424
10 0.433298 0.437183 0.007129 0.021439
10 0.441992 0.436145 0.007482 0.020528
10 0.500115 0.421933 0.007482 0.020528
10 0.521922 0.418541 0.006329 0.020184
10 0.582751 0.404040 0.006360 0.021210
10 0.632035 0.392462 0.007004 0.017336
10 0.642380 0.388344 0.007004 0.017336
10 0.623796 0.383011 0.004988 0.013685
10 0.653642 0.376189 0.005310 0.011748
10 0.687468 0.379051 0.005529 0.018929
10 0.701640 0.373275 0.006266 0.018132
10 0.740470 0.362223 0.005466 0.016878
10 0.723118 0.359111 0.004957 0.012659
10 0.752493 0.362264 0.006329 0.020184
10 0.797436 0.354567 0.007576 0.023606
10 0.809702 0.349877 0.008282 0.021783
10 0.675724 0.369092 0.005725 0.012888
10 0.827333 0.343071 0.008376 0.024861
10 0.833180 0.337706 0.006298 0.019158
10 0.864512 0.335099 0.007098 0.020413
10 0.895836 0.344919 0.009623 0.028282
10 0.962135 0.312741 0.005851 0.016992
10 0.967053 0.308688 0.005051 0.015737