10 0.985156 0.432812 0.029687 0.118750
10 0.921875 0.221094 0.012500 0.023438
10 0.762500 0.224219 0.009375 0.020313
10 0.589063 0.232812 0.012500 0.021875
10 0.425781 0.242188 0.010938 0.021875
10 0.310156 0.252344 0.010937 0.023437
10 0.289844 0.301562 0.026562 0.043750
10 0.201563 0.264844 0.015625 0.026562
10 0.150000 0.292187 0.021875 0.037500
10 0.136719 0.278906 0.014062 0.032812
10 0.582812 0.301563 0.028125 0.053125
10 0.942969 0.284375 0.029687 0.050000
10 0.460156 0.354688 0.048438 0.075000
10 0.017188 0.270312 0.015625 0.028125
10 0.184375 0.253125 0.012500 0.021875
10 0.342969 0.239844 0.010937 0.020313
10 0.557031 0.227344 0.010938 0.020312
10 0.778125 0.217969 0.012500 0.020312
10 0.984375 0.213281 0.012500 0.020313
10 0.224219 0.778906 0.082813 0.132812