10 0.263833 0.616655 0.059745 0.095372
10 0.526236 0.452499 0.024370 0.036833
10 0.751891 0.414568 0.020711 0.033505
10 0.070861 0.513464 0.019199 0.031387
10 0.236361 0.493959 0.020651 0.032522
10 0.247694 0.478870 0.012516 0.023824
10 0.396980 0.457667 0.015540 0.028059
10 0.638878 0.421926 0.016055 0.025186
10 0.920822 0.634188 0.100352 0.160340
10 0.827371 0.389031 0.017748 0.030253
10 0.189826 0.483192 0.016811 0.026244
10 0.948453 0.359022 0.013426 0.016110
10 0.926469 0.383189 0.023313 0.030859
10 0.932855 0.373091 0.011640 0.020799
10 0.938271 0.370028 0.010068 0.017698
10 0.858972 0.373219 0.013366 0.015127
10 0.811188 0.387824 0.012971 0.019967
10 0.795624 0.391003 0.013607 0.019060
10 0.690746 0.405392 0.013607 0.019060
10 0.651616 0.412621 0.011520 0.018832
10 0.541898 0.428032 0.011580 0.019815
10 0.453022 0.440678 0.012731 0.016035
10 0.434176 0.441741 0.012731 0.016035
10 0.466593 0.427819 0.009071 0.012706
10 0.412792 0.435657 0.009647 0.010816
10 0.353014 0.454537 0.010068 0.017698
10 0.327181 0.455865 0.011399 0.016866
10 0.256940 0.464008 0.009948 0.015732
10 0.287419 0.452772 0.009011 0.011723
10 0.235582 0.469797 0.011520 0.018832
10 0.154858 0.484030 0.013787 0.022009
10 0.132533 0.485471 0.015058 0.020194
10 0.372756 0.439521 0.010403 0.011875
10 0.100438 0.487482 0.015239 0.023144
10 0.089443 0.485215 0.011459 0.017849
10 0.033479 0.497742 0.012911 0.018984