10 0.975000 0.682639 0.050000 0.184722
10 0.718750 0.328472 0.015625 0.037500
10 0.779297 0.427083 0.032031 0.073611
10 0.528516 0.322222 0.014844 0.036111
10 0.426953 0.380556 0.024219 0.061111
10 0.205469 0.563889 0.060938 0.127778
10 0.710547 0.299306 0.010156 0.020833
23 0.525000 0.768750 0.700000 0.462500
10 0.280859 0.285417 0.011719 0.031944
10 0.422656 0.265278 0.006250 0.025000
10 0.485156 0.256944 0.006250 0.016667
10 0.519141 0.252778 0.003906 0.011111
10 0.572266 0.295139 0.010156 0.029167
10 0.582812 0.277083 0.004688 0.018056
10 0.566797 0.268056 0.005469 0.019444
10 0.596484 0.280556 0.007031 0.022222
10 0.647656 0.263889 0.004688 0.016667
10 0.653125 0.269444 0.004688 0.016667
10 0.685937 0.275694 0.004687 0.015278
10 0.883984 0.279861 0.008594 0.020833
10 0.957031 0.275000 0.009375 0.019444
10 0.961328 0.284028 0.008594 0.018056
10 0.864062 0.273611 0.004688 0.013889
10 0.820312 0.266667 0.004687 0.016667
10 0.823828 0.272222 0.005469 0.013889
10 0.794531 0.277083 0.006250 0.018056
10 0.744922 0.272222 0.005469 0.013889