10 0.839414 0.498861 0.030391 0.092167
10 0.677594 0.341278 0.020805 0.054764
10 0.234812 0.570875 0.044633 0.133431
10 0.409109 0.343708 0.024477 0.045764
10 0.447539 0.303153 0.010703 0.050750
23 0.560023 0.744042 0.601367 0.511903
10 0.554820 0.268639 0.008383 0.025361
10 0.364688 0.277792 0.005336 0.023847
10 0.356297 0.277972 0.008984 0.011958
10 0.419914 0.258000 0.006016 0.013694
10 0.468586 0.250361 0.004406 0.014611
10 0.482852 0.263847 0.004281 0.018444
10 0.489781 0.265431 0.010336 0.012361
10 0.495484 0.279667 0.008719 0.019972
10 0.518578 0.253403 0.004477 0.013222
10 0.522656 0.248514 0.002430 0.009833
10 0.576336 0.248972 0.002820 0.009708
10 0.587305 0.253347 0.003711 0.010972
10 0.623828 0.254875 0.003453 0.014014
10 0.635227 0.269681 0.005219 0.020125
10 0.706438 0.277361 0.004000 0.016250
10 0.666844 0.305014 0.008336 0.027764
10 0.749000 0.305042 0.010406 0.031028
10 0.785148 0.290278 0.005766 0.021806
10 0.811547 0.278458 0.003281 0.013097
10 0.879445 0.313694 0.005062 0.021625
10 0.851461 0.332861 0.010391 0.028972
10 0.949867 0.363431 0.015508 0.034556
10 0.987984 0.352208 0.010008 0.027069