10 0.303906 0.516406 0.070312 0.101562
10 0.485938 0.478906 0.046875 0.079688
10 0.657813 0.450000 0.028125 0.059375
10 0.773438 0.418750 0.018750 0.040625
10 0.795312 0.400781 0.018750 0.035938
10 0.826562 0.388281 0.012500 0.032812
10 0.853906 0.378906 0.010938 0.023438
10 0.837500 0.372656 0.012500 0.020313
10 0.208594 0.411719 0.023438 0.035938
10 0.060937 0.427344 0.028125 0.048437
10 0.274219 0.402344 0.017188 0.032813
10 0.267969 0.388281 0.017187 0.032812
10 0.211719 0.382031 0.014063 0.029687
10 0.159375 0.376563 0.009375 0.018750
10 0.004687 0.393750 0.009375 0.034375
10 0.121094 0.368750 0.007812 0.015625
10 0.094531 0.365625 0.010938 0.015625
10 0.082031 0.364063 0.010937 0.015625
10 0.405469 0.359375 0.007812 0.015625
10 0.342187 0.358594 0.006250 0.014062
10 0.507812 0.361719 0.009375 0.017187
10 0.622656 0.365625 0.010938 0.018750
10 0.704687 0.367969 0.006250 0.014062
10 0.726562 0.432031 0.018750 0.048437
10 0.764844 0.368750 0.007812 0.018750
10 0.935937 0.362500 0.012500 0.018750
10 0.852344 0.358594 0.010937 0.017188
10 0.782031 0.360938 0.010937 0.018750
10 0.665625 0.358594 0.009375 0.017188
10 0.565625 0.357812 0.009375 0.015625
10 0.485938 0.357812 0.009375 0.015625
10 0.395313 0.354687 0.009375 0.015625
10 0.327344 0.355469 0.007812 0.017188
10 0.714844 0.418750 0.026563 0.078125
10 0.733594 0.418750 0.020313 0.075000
23 0.498437 0.750000 0.996875 0.493750