10 0.078646 0.491204 0.051042 0.132407
10 0.503385 0.467130 0.041146 0.086111
10 0.704167 0.455093 0.032292 0.078704
10 0.867448 0.449074 0.029687 0.064815
10 0.964063 0.437037 0.023958 0.053704
10 0.961198 0.410185 0.017188 0.048148
10 0.893750 0.390741 0.012500 0.046296
10 0.770573 0.369907 0.015104 0.039815
10 0.652083 0.360648 0.013542 0.036111
10 0.510938 0.352778 0.012500 0.035185
10 0.400000 0.343981 0.012500 0.030556
10 0.297917 0.342130 0.011458 0.030556
10 0.230729 0.335185 0.011458 0.029630
10 0.202865 0.332870 0.011979 0.030556
10 0.219792 0.328241 0.010417 0.030556
10 0.915885 0.370833 0.013021 0.032407
10 0.786458 0.358796 0.011458 0.032407
10 0.536979 0.342130 0.010417 0.030556
10 0.432292 0.337500 0.011458 0.030556
10 0.350260 0.336574 0.009896 0.030556
17 0.051042 0.279630 0.102083 0.081481
23 0.500000 0.752315 1.000000 0.495370