10 0.761188 0.310968 0.018537 0.046347
10 0.830288 0.411276 0.037717 0.089577
10 0.566821 0.342713 0.018337 0.044334
10 0.467527 0.430628 0.029283 0.073306
10 0.254227 0.684207 0.072225 0.156960
10 0.751197 0.279634 0.012386 0.026730
23 0.595324 0.757711 0.749158 0.484578
10 0.310847 0.352802 0.014460 0.039250
10 0.454464 0.300450 0.008020 0.029175
10 0.517670 0.278317 0.007567 0.020462
10 0.551906 0.266449 0.004934 0.014121
10 0.609540 0.303507 0.012743 0.034803
10 0.619018 0.280861 0.006421 0.022251
10 0.601669 0.274233 0.007029 0.024004
10 0.633194 0.282867 0.008827 0.026386
10 0.684176 0.252820 0.005779 0.020226
10 0.690429 0.257331 0.005945 0.019856
10 0.724220 0.258017 0.006076 0.018950
10 0.926911 0.222189 0.009725 0.025526
10 0.997892 0.201707 0.004215 0.024517
10 0.906050 0.219297 0.005148 0.016619
10 0.860900 0.220866 0.005894 0.019550
10 0.864752 0.226641 0.006826 0.016988
10 0.835074 0.237224 0.007235 0.022182
10 0.783974 0.242334 0.006744 0.017810