10 0.032031 0.682639 0.056250 0.215278
10 0.039844 0.223611 0.009375 0.025000
10 0.043359 0.234722 0.008594 0.022222
10 0.078516 0.692361 0.057031 0.215278
10 0.351953 0.336111 0.017969 0.047222
10 0.283594 0.439583 0.037500 0.087500
10 0.532422 0.359722 0.016406 0.044444
10 0.623437 0.443750 0.026563 0.070833
10 0.823047 0.683333 0.069531 0.152778
10 0.361719 0.304167 0.012500 0.027778
23 0.503906 0.770833 0.704687 0.452778
10 0.767578 0.359722 0.013281 0.038889
10 0.635156 0.313194 0.006250 0.029167
10 0.576563 0.292361 0.006250 0.018056
10 0.545703 0.281250 0.003906 0.012500
10 0.493750 0.322917 0.010937 0.034722
10 0.485156 0.299306 0.006250 0.023611
10 0.500781 0.291667 0.006250 0.022222
10 0.472266 0.301389 0.007031 0.027778
10 0.426562 0.275000 0.004688 0.019444
10 0.420703 0.278472 0.005469 0.018056
10 0.388281 0.280556 0.006250 0.019444
10 0.186328 0.254167 0.008594 0.025000
10 0.118750 0.237500 0.009375 0.025000
10 0.114453 0.247222 0.008594 0.022222
10 0.206641 0.251389 0.005469 0.016667
10 0.251953 0.251389 0.005469 0.019444
10 0.247266 0.256944 0.007031 0.016667
10 0.277734 0.265972 0.007031 0.020833
10 0.328516 0.268750 0.007031 0.015278