10 0.021680 0.664096 0.043361 0.228666
10 0.319651 0.299712 0.019949 0.048461
10 0.245069 0.404352 0.040614 0.093667
10 0.530822 0.333365 0.019742 0.046357
10 0.639017 0.425473 0.031514 0.076649
10 0.871723 0.690967 0.077836 0.164141
10 0.330360 0.266996 0.013349 0.027953
23 0.502111 0.756455 0.811712 0.487090
10 0.808786 0.344542 0.015548 0.041036
10 0.652626 0.289483 0.008590 0.030496
10 0.583902 0.266199 0.008137 0.021393
10 0.546679 0.253714 0.005301 0.014763
10 0.484267 0.292292 0.013701 0.036387
10 0.473877 0.268606 0.006882 0.023259
10 0.492684 0.261723 0.007535 0.025092
10 0.458494 0.270667 0.009480 0.027585
10 0.403009 0.239144 0.006194 0.021143
10 0.396240 0.243842 0.006375 0.020756
10 0.359555 0.244476 0.006522 0.019810
10 0.139328 0.206535 0.010461 0.026689
10 0.058799 0.184949 0.011227 0.025637
10 0.053472 0.194839 0.010397 0.022469
10 0.161965 0.203565 0.005523 0.017373
10 0.210993 0.205316 0.006321 0.020437
10 0.206836 0.211342 0.007346 0.017763
10 0.239105 0.222474 0.007768 0.023189
10 0.294608 0.227940 0.007254 0.018622