10 0.027344 0.766204 0.040104 0.160185
10 0.386719 0.576389 0.058854 0.121296
10 0.530469 0.525000 0.040104 0.092593
10 0.666146 0.484722 0.025000 0.071296
10 0.762240 0.442130 0.016146 0.047222
10 0.780729 0.419907 0.015625 0.041667
10 0.806771 0.404167 0.012500 0.034259
10 0.829948 0.393056 0.009896 0.025000
10 0.815885 0.386574 0.010938 0.023148
10 0.309115 0.461111 0.018229 0.040741
10 0.181510 0.486574 0.023438 0.056481
10 0.359896 0.449074 0.015625 0.037037
10 0.354948 0.432407 0.014063 0.035185
10 0.309896 0.429167 0.012500 0.034259
10 0.266406 0.423611 0.007812 0.023148
10 0.130469 0.452778 0.017188 0.038889
10 0.103385 0.464815 0.013021 0.038889
10 0.100000 0.444907 0.012500 0.032407
10 0.058073 0.444444 0.014063 0.029630
10 0.232292 0.416667 0.009375 0.020370
10 0.208594 0.415741 0.009896 0.020370
10 0.197917 0.413889 0.009375 0.020370
10 0.463021 0.393519 0.006250 0.018519
10 0.414323 0.394444 0.006771 0.016667
10 0.544010 0.391667 0.007812 0.020370
10 0.634375 0.389815 0.010417 0.022222
10 0.703906 0.387963 0.006771 0.016667
10 0.725000 0.459259 0.016667 0.057407
10 0.754948 0.386574 0.008854 0.021296
10 0.997656 0.378241 0.002604 0.023148
10 0.959115 0.374074 0.010938 0.024074
10 0.900781 0.371759 0.009896 0.021296
10 0.827865 0.371759 0.009896 0.019444
10 0.769271 0.377315 0.008333 0.019444
10 0.670833 0.380556 0.007292 0.020370
10 0.590885 0.384259 0.007812 0.016667
10 0.527344 0.387963 0.008854 0.016667
10 0.456250 0.387963 0.007292 0.014815
10 0.401042 0.391204 0.007292 0.019444
10 0.030208 0.443519 0.011458 0.025926
10 0.713281 0.445833 0.023438 0.089815
10 0.729688 0.444444 0.019792 0.087037
23 0.502083 0.758796 0.993750 0.478704