10 0.949847 0.656191 0.032734 0.081011
10 0.974910 0.923931 0.050180 0.150772
10 0.948122 0.513123 0.009452 0.024816
10 0.938906 0.521371 0.011216 0.030781
10 0.865325 0.493564 0.014371 0.031883
10 0.735988 0.454430 0.015321 0.039625
10 0.604091 0.442034 0.018287 0.048804
10 0.448113 0.466046 0.034327 0.072033
10 0.215152 0.533130 0.035885 0.093948
10 0.885713 0.471499 0.008254 0.022077
23 0.499086 0.748066 0.539039 0.503869
10 0.836129 0.440929 0.008576 0.018202
10 0.804946 0.419080 0.007464 0.016669
7 0.297512 0.296515 0.006875 0.022564
8 0.297179 0.309072 0.012868 0.062879
22 0.830850 0.395017 0.027005 0.039131