10 0.981750 0.665343 0.036500 0.143648
10 0.643469 0.514269 0.049521 0.104472
10 0.516130 0.476593 0.033370 0.080963
10 0.392464 0.447954 0.022365 0.060722
10 0.301531 0.415611 0.014641 0.040482
10 0.284187 0.397259 0.013911 0.035259
10 0.260141 0.384194 0.010969 0.031343
10 0.238849 0.375315 0.008766 0.022852
10 0.251635 0.368509 0.009224 0.022204
10 0.710870 0.408370 0.015755 0.035259
10 0.826500 0.423556 0.021995 0.048972
10 0.664885 0.399657 0.012937 0.032648
10 0.669198 0.385102 0.011604 0.031315
10 0.709396 0.379593 0.010375 0.029556
10 0.748365 0.372176 0.006396 0.020287
10 0.875781 0.390620 0.016146 0.033083
10 0.902135 0.400315 0.012391 0.033963
10 0.905115 0.381713 0.011646 0.028232
10 0.946297 0.378759 0.013651 0.026028
10 0.778833 0.364157 0.007964 0.017204
10 0.799812 0.362083 0.008703 0.016759
10 0.809453 0.359528 0.008172 0.017204
10 0.573010 0.355602 0.005016 0.016759
10 0.616042 0.353796 0.005417 0.015000
10 0.501708 0.358333 0.007000 0.018528
10 0.420781 0.361287 0.009474 0.020732
10 0.355344 0.363713 0.005984 0.016324
10 0.337328 0.428407 0.014922 0.049407
10 0.307635 0.364991 0.007646 0.020732
10 0.007812 0.467130 0.015625 0.069444
10 0.049156 0.426333 0.017307 0.048963
10 0.055089 0.400935 0.014828 0.037056
10 0.069073 0.385185 0.011854 0.027787
10 0.070240 0.375981 0.011609 0.026028
10 0.082286 0.370509 0.009380 0.022500
10 0.120964 0.364241 0.009115 0.022935
10 0.174208 0.358741 0.008870 0.021176
10 0.240354 0.354861 0.008875 0.018972
10 0.294094 0.356926 0.007641 0.019407
10 0.386531 0.354861 0.007146 0.018972
10 0.460740 0.353972 0.006646 0.017204
10 0.516344 0.353750 0.006896 0.016759
10 0.578969 0.350306 0.006646 0.015435
10 0.627380 0.350491 0.005661 0.017648
10 0.973203 0.376065 0.010880 0.022500
10 0.347693 0.415870 0.020245 0.078037
10 0.332630 0.415815 0.017031 0.076074
10 0.037792 0.427787 0.031713 0.087056
23 0.500000 0.750926 1.000000 0.498148