10 0.991406 0.571875 0.010937 0.078125
10 0.989844 0.442969 0.014062 0.029688
10 0.896094 0.420312 0.017188 0.031250
10 0.735156 0.389844 0.017188 0.035938
10 0.580469 0.385938 0.023438 0.043750
10 0.381250 0.416406 0.046875 0.067188
10 0.076563 0.492188 0.043750 0.087500
10 0.921094 0.397656 0.010937 0.020313
23 0.440625 0.725781 0.668750 0.542187
10 0.856250 0.371875 0.009375 0.015625
10 0.816406 0.355469 0.007812 0.014062
7 0.175000 0.270312 0.009375 0.018750
8 0.175000 0.282031 0.015625 0.054688
22 0.848437 0.332031 0.034375 0.032813