10 0.024820 0.683681 0.049641 0.184042
10 0.281164 0.328778 0.015453 0.038097
10 0.220555 0.428306 0.031742 0.073292
10 0.470977 0.322333 0.015383 0.036333
10 0.572359 0.381514 0.024406 0.060264
10 0.794133 0.565042 0.061703 0.127319
10 0.288891 0.299722 0.010594 0.021667
23 0.474633 0.768847 0.700688 0.462306
10 0.719000 0.286208 0.011859 0.032486
10 0.576969 0.265792 0.006109 0.024639
10 0.514516 0.257597 0.006211 0.016931
10 0.480695 0.253264 0.004000 0.011736
10 0.427273 0.295667 0.010437 0.028819
10 0.416719 0.277597 0.004961 0.018736
10 0.433078 0.268778 0.005453 0.020194
10 0.403141 0.281833 0.007086 0.022000
10 0.352016 0.264597 0.004453 0.017042
10 0.346250 0.269625 0.004641 0.016681
10 0.313633 0.276153 0.004828 0.015847
10 0.115523 0.280500 0.008031 0.021069
10 0.042656 0.275653 0.008789 0.020042
10 0.038461 0.284778 0.008211 0.017472
10 0.135508 0.274319 0.004055 0.013931
10 0.179242 0.267764 0.004609 0.016417
10 0.175875 0.273472 0.005695 0.013958
10 0.205211 0.277486 0.005773 0.018528
10 0.254914 0.272972 0.005562 0.014708