10 0.020987 0.693374 0.041974 0.175101
10 0.405233 0.551056 0.062342 0.129899
10 0.550180 0.520336 0.042712 0.100112
10 0.690419 0.499970 0.029055 0.074788
10 0.794287 0.471558 0.019069 0.049829
10 0.814908 0.451632 0.017906 0.043530
10 0.842676 0.438746 0.014354 0.038539
10 0.867083 0.430537 0.011325 0.028184
10 0.853233 0.421013 0.011794 0.027463
10 0.336880 0.417473 0.019969 0.043734
10 0.206526 0.422713 0.027860 0.060756
10 0.388898 0.412206 0.016643 0.040312
10 0.385042 0.394395 0.015063 0.038576
10 0.340443 0.383370 0.013571 0.036345
10 0.297345 0.370211 0.008504 0.024867
10 0.153590 0.378022 0.020261 0.041187
10 0.123465 0.386639 0.016119 0.041817
10 0.121370 0.364158 0.014905 0.034910
10 0.075499 0.356067 0.017001 0.032508
10 0.263796 0.357279 0.010052 0.021370
10 0.240467 0.352479 0.010850 0.020922
10 0.229852 0.348366 0.010285 0.021393
10 0.494600 0.369951 0.006725 0.020513
10 0.446585 0.363022 0.007057 0.018463
10 0.574177 0.381123 0.009062 0.022839
10 0.664506 0.393628 0.011976 0.025738
10 0.737543 0.403784 0.007780 0.020102
10 0.753393 0.482819 0.019977 0.060488
10 0.790825 0.410604 0.009931 0.025535
10 0.996913 0.430444 0.006173 0.028322
10 0.940493 0.417981 0.011330 0.026200
10 0.866760 0.406015 0.011189 0.023577
10 0.806509 0.402505 0.009837 0.023958
10 0.703245 0.389780 0.009255 0.023385
10 0.620295 0.380480 0.008578 0.021223
10 0.558110 0.374040 0.008828 0.020722
10 0.488287 0.362983 0.008461 0.019117
10 0.434121 0.357827 0.007507 0.021643
10 0.045581 0.349870 0.013667 0.028000
10 0.742633 0.466740 0.027836 0.095170
10 0.759486 0.468346 0.024110 0.092476
23 0.500000 0.748337 1.000000 0.503327