10 0.150042 0.429630 0.025083 0.046296
10 0.364861 0.426972 0.031111 0.052083
10 0.289958 0.360417 0.014639 0.030093
10 0.904472 0.494102 0.049229 0.075231
10 0.093493 0.408694 0.011979 0.028500
10 0.199646 0.370500 0.014563 0.024333
10 0.273333 0.343759 0.011944 0.020852
10 0.322111 0.332296 0.010889 0.020157
10 0.808958 0.373630 0.020694 0.036148
10 0.742639 0.337741 0.014451 0.029194
10 0.693604 0.319796 0.010812 0.022935
10 0.368986 0.319917 0.008799 0.019463
10 0.442326 0.310889 0.008264 0.018074
10 0.523389 0.307065 0.009285 0.015991
10 0.631632 0.308343 0.007701 0.016685
10 0.495187 0.354528 0.018153 0.036843
10 0.561583 0.328370 0.013451 0.027111
10 0.493451 0.322574 0.011896 0.022935
10 0.404139 0.334389 0.012438 0.024333
7 0.586153 0.263704 0.007382 0.016009
8 0.586924 0.268417 0.010000 0.039694
23 0.564931 0.730556 0.654861 0.538889