10 0.308708 0.514269 0.066028 0.104472
10 0.478493 0.476593 0.044493 0.080963
10 0.643382 0.447954 0.029819 0.060722
10 0.764625 0.415611 0.019521 0.040482
10 0.787750 0.397259 0.018549 0.035259
10 0.819813 0.384194 0.014625 0.031343
10 0.848201 0.375315 0.011687 0.022852
10 0.831153 0.368509 0.012299 0.022204
10 0.218840 0.408370 0.021007 0.035259
10 0.064667 0.423556 0.029326 0.048972
10 0.280153 0.399657 0.017250 0.032648
10 0.274403 0.385102 0.015472 0.031315
10 0.220806 0.379593 0.013833 0.029556
10 0.168847 0.372176 0.008528 0.020287
10 0.004861 0.390620 0.009722 0.033083
10 0.128222 0.364157 0.010618 0.017204
10 0.100250 0.362083 0.011604 0.016759
10 0.087396 0.359528 0.010896 0.017204
10 0.402653 0.355602 0.006687 0.016759
10 0.345278 0.353796 0.007222 0.015000
10 0.497722 0.358333 0.009333 0.018528
10 0.605625 0.361287 0.012632 0.020732
10 0.692875 0.363713 0.007979 0.016324
10 0.716896 0.428407 0.019896 0.049407
10 0.756486 0.364991 0.010194 0.020732
10 0.934389 0.358741 0.011826 0.021176
10 0.846194 0.354861 0.011833 0.018972
10 0.774542 0.356926 0.010187 0.019407
10 0.651292 0.354861 0.009528 0.018972
10 0.552347 0.353972 0.008861 0.017204
10 0.478208 0.353750 0.009194 0.016759
10 0.394708 0.350306 0.008861 0.015435
10 0.330160 0.350491 0.007549 0.017648
10 0.703076 0.415870 0.026993 0.078037
10 0.723160 0.415815 0.022708 0.076074
23 0.500000 0.750926 1.000000 0.498148