10 0.889717 0.481424 0.036119 0.096698
10 0.717982 0.358580 0.024211 0.058002
10 0.288900 0.672419 0.052926 0.140117
10 0.449353 0.414330 0.027331 0.049879
10 0.485319 0.366801 0.013851 0.052047
23 0.625168 0.733299 0.633658 0.533403
10 0.590586 0.311530 0.009959 0.026612
10 0.400809 0.358321 0.006815 0.024517
10 0.392420 0.360166 0.009733 0.013548
10 0.454874 0.327877 0.006868 0.014666
10 0.503127 0.310690 0.005314 0.015248
10 0.518242 0.321121 0.005426 0.018993
10 0.525277 0.321301 0.011111 0.014213
10 0.531866 0.334170 0.009962 0.021378
10 0.553362 0.303747 0.005298 0.013895
10 0.557143 0.298127 0.003040 0.010155
10 0.610910 0.287910 0.003423 0.010110
10 0.622161 0.290033 0.004393 0.011530
10 0.658819 0.284277 0.004323 0.014471
10 0.671145 0.296575 0.006468 0.020833
10 0.742909 0.289977 0.005008 0.016779
10 0.704980 0.325046 0.010061 0.028966
10 0.787228 0.308746 0.012335 0.032588
10 0.822504 0.287039 0.007119 0.022595
10 0.848202 0.270167 0.004094 0.013535
10 0.918352 0.291332 0.006404 0.022277
10 0.891521 0.315746 0.012192 0.030563
10 0.991547 0.326258 0.016906 0.037072