10 0.544169 0.524452 0.053160 0.079054
10 0.304985 0.554793 0.042319 0.071818
10 0.110498 0.583436 0.038184 0.059271
10 0.005472 0.592488 0.010944 0.049374
10 0.004378 0.570331 0.008756 0.042815
10 0.076869 0.540030 0.017451 0.040663
10 0.222421 0.498083 0.019201 0.035933
10 0.362624 0.466767 0.018000 0.033218
10 0.530084 0.431451 0.016861 0.031765
10 0.661524 0.401759 0.016625 0.027956
10 0.782847 0.379549 0.015566 0.027776
10 0.862507 0.360723 0.014446 0.026334
10 0.895697 0.352641 0.015542 0.027772
10 0.874917 0.352343 0.014007 0.027510
10 0.049990 0.528104 0.016842 0.029252
10 0.203154 0.492023 0.014744 0.028895
10 0.498979 0.427923 0.013573 0.027436
10 0.623064 0.402939 0.014570 0.027606
10 0.720301 0.385601 0.013518 0.027427
23 0.500000 0.726653 1.000000 0.546695