10 0.920865 0.492065 0.051099 0.132278
10 0.496286 0.467991 0.041526 0.085981
10 0.295495 0.455426 0.032651 0.079361
10 0.132047 0.450000 0.029714 0.064815
10 0.035849 0.437306 0.023781 0.054231
10 0.038344 0.410954 0.017312 0.047843
10 0.105958 0.390741 0.012958 0.046296
10 0.229203 0.370065 0.014661 0.040120
10 0.347510 0.361111 0.013766 0.037037
10 0.488724 0.352935 0.012865 0.035491
10 0.599651 0.344139 0.012838 0.030861
10 0.701807 0.342287 0.011948 0.030861
10 0.769073 0.335954 0.011063 0.029324
10 0.797109 0.333028 0.011927 0.030861
10 0.779797 0.328398 0.010635 0.030861
10 0.084083 0.370833 0.012964 0.032407
10 0.213411 0.358796 0.011198 0.032407
10 0.462948 0.342287 0.010271 0.030861
10 0.567531 0.337657 0.011109 0.030861
10 0.649385 0.336731 0.010224 0.030861
17 0.948943 0.279889 0.102109 0.081380
23 0.500000 0.752778 1.000000 0.494444