10 0.834255 0.423954 0.026136 0.047529
10 0.610420 0.421226 0.032417 0.053470
10 0.688466 0.352899 0.015253 0.030894
10 0.048162 0.490143 0.051295 0.077234
10 0.893177 0.402462 0.012482 0.029259
10 0.782569 0.363251 0.015174 0.024981
10 0.705789 0.335798 0.012446 0.021407
10 0.654964 0.324030 0.011346 0.020694
10 0.147684 0.366464 0.021563 0.037110
10 0.216787 0.329620 0.015058 0.029971
10 0.267880 0.311198 0.011266 0.023546
10 0.606122 0.311321 0.009168 0.019981
10 0.529703 0.302053 0.008611 0.018555
10 0.445239 0.298127 0.009674 0.016416
10 0.332453 0.299439 0.008025 0.017129
10 0.474624 0.346854 0.018915 0.037823
10 0.405441 0.320000 0.014016 0.027833
10 0.476433 0.314049 0.012395 0.023546
10 0.569493 0.326179 0.012959 0.024981
7 0.379841 0.253612 0.007692 0.016435
8 0.379038 0.258451 0.010420 0.040751
23 0.401954 0.728137 0.682344 0.543726