10 0.978385 0.549537 0.041146 0.123148
10 0.807292 0.473611 0.035417 0.075000
10 0.768490 0.425000 0.016146 0.044444
10 0.812240 0.392593 0.014062 0.038889
10 0.766927 0.395833 0.013021 0.034259
10 0.206250 0.610185 0.070833 0.166667
10 0.335417 0.481944 0.032292 0.087963
10 0.417187 0.424074 0.025000 0.062963
10 0.486198 0.399074 0.018229 0.050000
10 0.530729 0.386111 0.014583 0.044444
10 0.592969 0.375463 0.018229 0.041667
10 0.669792 0.372222 0.011458 0.033333
10 0.741667 0.374074 0.009375 0.031481
10 0.810156 0.378241 0.011979 0.036111
10 0.920833 0.399074 0.013542 0.048148
22 0.855729 0.312037 0.093750 0.081481
22 0.735417 0.312963 0.123958 0.094444
19 0.533854 0.303704 0.119792 0.090741
8 0.456250 0.888426 0.295833 0.219444
1 0.355469 0.883796 0.076562 0.228704
1 0.572656 0.916204 0.079688 0.163889
23 0.499479 0.755556 0.998958 0.485185
5 0.868750 0.277315 0.009375 0.008333
6 0.867188 0.287500 0.005208 0.008333
7 0.866146 0.305556 0.013542 0.029630
8 0.867448 0.326389 0.020312 0.106481