10 0.922361 0.463361 0.045549 0.076722
10 0.868007 0.412963 0.023715 0.046296
10 0.929306 0.380028 0.017778 0.039685
10 0.865819 0.383861 0.019750 0.034389
10 0.100042 0.602250 0.092972 0.169315
10 0.273431 0.471824 0.043417 0.089944
10 0.382347 0.412296 0.032528 0.063491
10 0.472417 0.387167 0.024611 0.050269
10 0.530938 0.373417 0.018674 0.044972
10 0.612278 0.362833 0.022660 0.042324
10 0.723576 0.359787 0.016736 0.034389
10 0.829236 0.361574 0.013757 0.032407
10 0.926451 0.365741 0.015153 0.037037
22 0.962472 0.297574 0.075056 0.084037
22 0.819479 0.298500 0.182243 0.097009
19 0.535181 0.289204 0.156396 0.093222
8 0.432153 0.887037 0.390222 0.225926
1 0.300382 0.882407 0.103771 0.235185
1 0.586382 0.914815 0.106771 0.170370
23 0.500000 0.751852 1.000000 0.496296
5 0.997635 0.261500 0.004729 0.008750
6 0.997837 0.272259 0.004326 0.008907
7 0.994318 0.291046 0.011365 0.030185
8 0.993160 0.312315 0.013681 0.110389