0 0.346052 0.433290 0.374053 0.396467
10 0.993628 0.534212 0.012745 0.064314
10 0.826717 0.601880 0.045553 0.108241
10 0.814966 0.537010 0.024621 0.062963
10 0.691851 0.535405 0.028506 0.066995
10 0.595653 0.538697 0.028719 0.061300
7 0.776363 0.554058 0.038028 0.055923
5 0.769948 0.506097 0.019759 0.022923
8 0.769927 0.554165 0.073110 0.128207
10 0.285257 0.758660 0.088120 0.204665
10 0.224743 0.738693 0.072465 0.184243
10 0.178815 0.703846 0.069979 0.154164
10 0.172505 0.654972 0.065449 0.142212
10 0.185022 0.562092 0.031358 0.067268
10 0.150761 0.570824 0.030383 0.069982
10 0.109938 0.580896 0.017755 0.060741
10 0.118299 0.658886 0.049862 0.119153
10 0.097758 0.628429 0.030485 0.106174
10 0.072043 0.610457 0.036853 0.098994
17 0.068143 0.440098 0.059525 0.022566
17 0.111411 0.490408 0.017775 0.025690
17 0.191715 0.491559 0.045144 0.037813
20 0.137684 0.486984 0.038057 0.039018
20 0.272061 0.501046 0.054257 0.056066
20 0.293627 0.499504 0.078633 0.071559
3 0.451183 0.603008 0.067177 0.155576