0 0.321528 0.497850 0.643057 0.648901
10 0.176071 0.746820 0.080053 0.132642
10 0.317691 0.749723 0.100470 0.169087
10 0.622766 0.728998 0.128088 0.211285
2 0.986914 0.338085 0.026172 0.048893
2 0.868313 0.394714 0.040967 0.029075
2 0.724098 0.435287 0.045409 0.038986
5 0.312751 0.419862 0.032594 0.020123
5 0.094229 0.607110 0.019211 0.013900
5 0.028698 0.619592 0.021210 0.015834
7 0.006090 0.650341 0.012179 0.042071
7 0.091687 0.635805 0.015014 0.026459
8 0.009285 0.664604 0.018571 0.094941
8 0.029411 0.624038 0.022779 0.026878
8 0.096811 0.625994 0.026396 0.052560
11 0.311928 0.470942 0.071440 0.071112
11 0.887446 0.478234 0.078412 0.110057
11 0.717554 0.516582 0.093070 0.121858
6 0.724135 0.460555 0.020544 0.021486
6 0.874800 0.419217 0.027477 0.020402
6 0.989475 0.371540 0.021049 0.022210
6 0.317644 0.442660 0.022769 0.018406
8 0.309727 0.456743 0.105296 0.099333
8 0.729529 0.566235 0.125191 0.309733
8 0.886417 0.523524 0.152159 0.303091
8 0.959974 0.514680 0.080053 0.423934