0 0.729004 0.539531 0.346680 0.440703
0 0.186035 0.685212 0.161133 0.380674
18 0.697324 0.163895 0.084717 0.087672
20 0.557363 0.198258 0.095811 0.024612
9 0.236973 0.190600 0.069287 0.025432
9 0.102842 0.186237 0.072510 0.025490
20 0.289795 0.538404 0.037236 0.046062
21 0.441748 0.470922 0.034502 0.050015
21 0.320674 0.512840 0.109746 0.060805
20 0.290557 0.615900 0.068057 0.064890
2 0.258926 0.593177 0.007734 0.007731
11 0.259092 0.607452 0.008066 0.015783
8 0.258828 0.603309 0.009482 0.029458
2 0.615264 0.701830 0.009473 0.008345
11 0.621826 0.729707 0.014775 0.034817
1 0.607285 0.743411 0.004238 0.009517
8 0.616123 0.748799 0.025820 0.102284
2 0.407041 0.646881 0.007471 0.006793
7 0.411602 0.666852 0.010342 0.027701
8 0.411719 0.682753 0.014492 0.081464
8 0.398242 0.681611 0.014863 0.083573
8 0.465566 0.782826 0.025508 0.104451
8 0.436992 0.788272 0.028906 0.105095
8 0.417969 0.786340 0.019180 0.110015
8 0.400322 0.782855 0.025879 0.108902
8 0.412471 0.722972 0.011113 0.015491
8 0.390645 0.712050 0.015312 0.033177
2 0.390234 0.702094 0.012539 0.013250
11 0.392441 0.718843 0.010117 0.014553
2 0.375850 0.699795 0.009160 0.010132
11 0.375400 0.727233 0.015088 0.041567
8 0.374678 0.722914 0.015596 0.060776
2 0.386221 0.727716 0.011338 0.013265
11 0.381367 0.754597 0.015303 0.034802
8 0.380361 0.779927 0.021240 0.117687
11 0.401885 0.760908 0.025088 0.040132
11 0.418818 0.762533 0.018926 0.041918
11 0.436787 0.769678 0.029463 0.041552
11 0.465488 0.766223 0.027295 0.037555
2 0.462451 0.736369 0.010478 0.013001
2 0.439629 0.741464 0.010723 0.011479
2 0.414600 0.731157 0.008535 0.009912
2 0.398740 0.733558 0.010010 0.011772
2 0.396895 0.644905 0.009248 0.008697
2 0.367383 0.650542 0.010772 0.009722
2 0.359102 0.643631 0.008857 0.010542
2 0.329248 0.691962 0.008711 0.010571
2 0.358047 0.696633 0.011133 0.011918
2 0.344082 0.728741 0.011045 0.013851
2 0.332988 0.735300 0.010342 0.012328
2 0.288750 0.712855 0.011699 0.012826
2 0.252754 0.754685 0.008086 0.015944
10 0.303438 0.696896 0.008857 0.027745
8 0.166689 0.837965 0.021504 0.028799
11 0.257783 0.783309 0.019111 0.039531
8 0.268467 0.796369 0.041455 0.103704
8 0.289541 0.759473 0.023066 0.107526
8 0.321729 0.719209 0.025918 0.067994
8 0.353018 0.778814 0.026963 0.113997
8 0.334111 0.781479 0.026260 0.119326
8 0.355996 0.721069 0.017305 0.060000
8 0.368545 0.668521 0.013096 0.050073
8 0.357920 0.664085 0.012363 0.054378
11 0.286641 0.742899 0.018232 0.042167
11 0.325928 0.714026 0.015059 0.025652
11 0.335801 0.761142 0.021592 0.039151
1 0.325781 0.782650 0.005264 0.010952
11 0.352119 0.760879 0.020986 0.043382
11 0.356260 0.722387 0.016592 0.039195
11 0.368984 0.673397 0.011436 0.031449
11 0.358457 0.668375 0.012021 0.027745
11 0.398359 0.667745 0.017383 0.029649
10 0.403369 0.528331 0.005391 0.024187
10 0.412080 0.522372 0.005811 0.017936
10 0.406924 0.514509 0.004853 0.027687