13 0.042551 0.726092 0.085102 0.162411
0 0.866929 0.261974 0.237065 0.287312
0 0.300507 0.503848 0.146920 0.162993
0 0.798186 0.524239 0.325324 0.315683
0 0.487256 0.567817 0.252682 0.189855
0 0.569033 0.362253 0.065775 0.227007
11 0.536302 0.508171 0.010403 0.021617
8 0.534858 0.507336 0.013331 0.026505
2 0.531469 0.498786 0.004675 0.008061
2 0.626450 0.675352 0.009743 0.012292
6 0.627592 0.685499 0.005771 0.007262
11 0.631969 0.693756 0.017765 0.021919
8 0.632017 0.686031 0.019495 0.033610
11 0.850997 0.568996 0.012932 0.018161
2 0.847820 0.554261 0.007147 0.006793
8 0.845887 0.576034 0.022874 0.053193
2 0.750593 0.176759 0.005036 0.006582
11 0.755846 0.185680 0.008243 0.015274
11 0.905815 0.299698 0.015726 0.022107
2 0.904102 0.280696 0.008673 0.009889
8 0.905186 0.296487 0.017034 0.044157
8 0.754039 0.183628 0.011281 0.022877
9 0.781851 0.745502 0.158315 0.150310
9 0.682648 0.745702 0.071519 0.118686
17 0.623581 0.776460 0.148524 0.150625
9 0.560874 0.705404 0.077014 0.038994
17 0.512537 0.768407 0.125855 0.148932
17 0.414432 0.774593 0.112519 0.116077
22 0.353282 0.728777 0.145530 0.151957
17 0.243729 0.791808 0.120752 0.120516
13 0.199352 0.729313 0.230490 0.162411
13 0.598746 0.651227 0.230325 0.110061
2 0.441456 0.469608 0.005235 0.006838
2 0.450074 0.468770 0.005389 0.005611
2 0.434733 0.467704 0.006203 0.005966
2 0.420420 0.482121 0.005759 0.007208
11 0.420836 0.491607 0.010659 0.010550
11 0.433867 0.482056 0.010406 0.018379
11 0.441007 0.478376 0.003573 0.007991
11 0.450021 0.477236 0.008029 0.008922
8 0.449541 0.474244 0.009260 0.016626
8 0.441311 0.474291 0.005935 0.016923
8 0.433287 0.478448 0.010561 0.028221
8 0.420832 0.488531 0.011121 0.021446