0 0.283125 0.609023 0.408750 0.507519
13 0.609375 0.242481 0.128750 0.131579
11 0.211250 0.713346 0.017500 0.024436
5 0.213125 0.687970 0.008750 0.007519
5 0.298125 0.840226 0.011250 0.011278
5 0.366875 0.809211 0.011250 0.013158
6 0.365000 0.822368 0.007500 0.005639
6 0.297500 0.857143 0.007500 0.007519
8 0.221250 0.717105 0.035000 0.065789
1 0.376250 0.881579 0.010000 0.015038
8 0.290000 0.912594 0.042500 0.152256
11 0.363125 0.853383 0.023750 0.056391
11 0.286250 0.885338 0.027500 0.063910
11 0.170000 0.897556 0.027500 0.054511
2 0.160625 0.860902 0.011250 0.011278
8 0.170000 0.917293 0.032500 0.127820
8 0.367500 0.875000 0.032500 0.148496