0 0.806250 0.614844 0.387500 0.532812
13 0.460156 0.232031 0.160938 0.139063
11 0.960156 0.725781 0.023438 0.026562
5 0.958594 0.698438 0.010938 0.009375
5 0.852344 0.858594 0.014062 0.010937
5 0.764844 0.825781 0.014062 0.014062
6 0.767969 0.839844 0.010938 0.004687
6 0.853125 0.875781 0.009375 0.007812
8 0.948438 0.728125 0.043750 0.068750
1 0.753906 0.901563 0.014063 0.015625
8 0.861719 0.926562 0.051562 0.146875
11 0.770312 0.872656 0.031250 0.057813
11 0.866406 0.904687 0.035938 0.065625
8 0.764844 0.895312 0.042187 0.156250