0 0.763125 0.701128 0.473750 0.597744
13 0.446875 0.255639 0.163750 0.169173
11 0.863125 0.843985 0.023750 0.030075
5 0.864375 0.815789 0.011250 0.011278
5 0.750000 0.952068 0.015000 0.013158
5 0.672500 0.901316 0.015000 0.016917
6 0.673750 0.917293 0.010000 0.007519
6 0.748750 0.968985 0.010000 0.009398
8 0.852500 0.844925 0.047500 0.077068
1 0.654375 0.974624 0.013750 0.016917
8 0.751875 0.971805 0.063750 0.056391
11 0.672500 0.949248 0.035000 0.063910
11 0.759375 0.982143 0.038750 0.035714
8 0.665625 0.944549 0.053750 0.110902