0 0.351250 0.656667 0.032500 0.060000
0 0.199638 0.866500 0.084812 0.069667
10 0.098900 0.758817 0.005000 0.018767
10 0.111188 0.756967 0.004562 0.018383
10 0.168712 0.772100 0.005450 0.016417
10 0.295637 0.714417 0.005125 0.014400
10 0.285462 0.790217 0.004788 0.020433
10 0.265438 0.809883 0.005562 0.025300
10 0.272763 0.734517 0.004387 0.014600
8 0.906500 0.706333 0.006850 0.017117
2 0.747875 0.745117 0.003475 0.003100
11 0.748300 0.753250 0.004338 0.008850
8 0.747800 0.757050 0.005538 0.026983
2 0.683587 0.835767 0.004300 0.004867
8 0.682325 0.850767 0.007913 0.034867
10 0.096062 0.736300 0.007750 0.022900
11 0.212612 0.794617 0.005775 0.009683
11 0.233425 0.787383 0.006162 0.012217
11 0.249025 0.781067 0.004913 0.010100
11 0.254963 0.781750 0.005825 0.013217
2 0.212750 0.783400 0.004288 0.004217
2 0.234162 0.776733 0.004125 0.004333
8 0.212863 0.799183 0.012400 0.035217
8 0.233688 0.791033 0.007550 0.032350
8 0.248225 0.786433 0.008125 0.031333
8 0.254775 0.787733 0.007650 0.032783
11 0.439475 0.955533 0.010363 0.025683
8 0.438000 0.964017 0.019687 0.049083
2 0.553500 0.883633 0.006400 0.005850
2 0.527300 0.887950 0.004437 0.004550
11 0.526775 0.898883 0.006450 0.010633
11 0.553450 0.895583 0.008062 0.012217
8 0.553150 0.891050 0.009212 0.021867
8 0.527162 0.896233 0.008562 0.020550
8 0.332888 0.742633 0.008150 0.024450
2 0.394563 0.706083 0.003450 0.002817
8 0.394450 0.713400 0.008038 0.018033
10 0.303800 0.725000 0.005687 0.011983
10 0.261125 0.720300 0.003225 0.015467
11 0.304900 0.690067 0.005250 0.007617
8 0.304400 0.693583 0.007338 0.019317
13 0.794950 0.630883 0.012987 0.012650
11 0.648763 0.749750 0.007012 0.010600
8 0.648063 0.757317 0.010862 0.035683
11 0.588475 0.768350 0.005738 0.010967
8 0.588025 0.773233 0.008350 0.027167
3 0.742925 0.840967 0.020350 0.038650
24 0.284088 0.675233 0.018888 0.035267
20 0.306175 0.651683 0.022725 0.019133
20 0.326725 0.669200 0.025650 0.022017
11 0.518100 0.769783 0.003963 0.008100
8 0.517500 0.771150 0.006050 0.018400