0 0.443529 0.456250 0.581176 0.309375
2 0.540000 0.704688 0.068235 0.028125
2 0.488235 0.687500 0.044706 0.025000
6 0.484706 0.709375 0.032941 0.009375
6 0.522353 0.727344 0.023529 0.010937
11 0.480000 0.760938 0.075294 0.078125
11 0.558824 0.781250 0.105882 0.103125
1 0.510588 0.826562 0.032941 0.031250
8 0.535294 0.813281 0.148235 0.245312
8 0.448235 0.789844 0.157647 0.232812
2 0.540000 0.562500 0.007059 0.003125
11 0.538824 0.571875 0.014118 0.012500
8 0.541176 0.575781 0.018824 0.029687
2 0.535294 0.587500 0.007059 0.003125
11 0.538824 0.596875 0.014118 0.012500
8 0.536471 0.600781 0.018824 0.029687