0 0.124375 0.433555 0.096250 0.152824
0 0.204850 0.599053 0.192500 0.181063
10 0.466775 0.744070 0.015962 0.065681
16 0.973750 0.445930 0.040187 0.063920
10 0.211425 0.464618 0.004850 0.018688
11 0.268725 0.488621 0.007113 0.021130
2 0.266700 0.473405 0.004750 0.006146
8 0.266975 0.492757 0.010600 0.044867
2 0.585063 0.438256 0.005713 0.004934
2 0.591087 0.442575 0.005400 0.007458
11 0.584538 0.450748 0.006250 0.012292
11 0.591725 0.456213 0.008188 0.019136
8 0.592275 0.457143 0.008637 0.037292
8 0.582600 0.457176 0.011137 0.043455