0 0.151438 0.242740 0.299809 0.374504
0 0.844202 0.464162 0.184977 0.213986
0 0.248316 0.549919 0.407106 0.419463
0 0.623698 0.564119 0.313161 0.259285
0 0.514301 0.326782 0.091281 0.280947
11 0.561584 0.498368 0.013652 0.027262
8 0.563270 0.497186 0.017429 0.033499
2 0.566866 0.486479 0.006043 0.010264
2 0.462634 0.710659 0.012348 0.015973
6 0.461821 0.723012 0.007313 0.009439
11 0.457025 0.733487 0.022488 0.028531
8 0.456543 0.724197 0.025204 0.042797
11 0.187425 0.610281 0.016491 0.023420
2 0.190426 0.592157 0.008936 0.009044
8 0.193941 0.618123 0.030328 0.066750
2 0.286308 0.125874 0.006395 0.008531
11 0.280496 0.137256 0.010715 0.019372
11 0.106864 0.292923 0.020056 0.028507
2 0.107874 0.269844 0.010934 0.012954
8 0.107442 0.288982 0.022836 0.055171
8 0.282551 0.134564 0.014772 0.028885
9 0.280073 0.814200 0.197931 0.200144
9 0.399087 0.802238 0.092208 0.151455
17 0.471632 0.831990 0.186218 0.199318
9 0.542950 0.738760 0.094409 0.056344
17 0.604397 0.808639 0.158968 0.194494
17 0.722422 0.804016 0.141184 0.153364
22 0.793258 0.741355 0.182705 0.200552
17 0.926247 0.803736 0.147505 0.159712
13 0.917703 0.723065 0.164594 0.223569
13 0.494541 0.678217 0.281990 0.160626
2 0.673240 0.440291 0.006648 0.008864
2 0.662856 0.440342 0.006765 0.007407
2 0.681200 0.437173 0.007759 0.007934
2 0.699163 0.452763 0.007296 0.009372
11 0.699185 0.464230 0.013350 0.013992
11 0.683028 0.454339 0.013478 0.023371
11 0.674261 0.450788 0.004720 0.010044
11 0.663385 0.450525 0.010110 0.011711
8 0.663796 0.446865 0.012008 0.021124
8 0.673672 0.445909 0.008041 0.021072
8 0.683526 0.449925 0.014204 0.035220
8 0.699021 0.460528 0.014502 0.027145