5 0.019431 0.607420 0.012833 0.012315
7 0.018593 0.643053 0.028144 0.053318
8 0.020406 0.661708 0.039649 0.122569
0 0.336347 0.462295 0.595967 0.807129
10 0.224628 0.779598 0.071844 0.169693
10 0.348950 0.794852 0.090205 0.216447
10 0.616385 0.792182 0.114940 0.270256
2 0.946056 0.308168 0.054577 0.059904
2 0.827196 0.371744 0.036213 0.035269
2 0.701204 0.413538 0.040236 0.048075
5 0.340003 0.360020 0.028768 0.024061
5 0.150852 0.588991 0.016985 0.016891
5 0.093518 0.600140 0.018760 0.019297
5 0.060593 0.603025 0.012833 0.012315
7 0.065622 0.638032 0.028144 0.053318
7 0.149022 0.626578 0.013497 0.033929
8 0.066031 0.656836 0.039649 0.122569
8 0.094206 0.606053 0.020288 0.033846
8 0.153382 0.614069 0.023815 0.067679
11 0.339995 0.427227 0.063440 0.088627
11 0.960698 0.453997 0.078604 0.179224
11 0.845154 0.483286 0.070088 0.139812
11 0.696598 0.520077 0.083065 0.154289
6 0.701590 0.446820 0.018258 0.026863
6 0.833232 0.404538 0.024301 0.024853
6 0.933421 0.351024 0.019150 0.027744
6 0.344615 0.390441 0.020159 0.022587
8 0.337864 0.408350 0.093427 0.123347
8 0.707802 0.586438 0.113812 0.401332
8 0.844885 0.542851 0.137283 0.390284
8 0.935764 0.541772 0.128472 0.547373