0 0.518357 0.550117 0.449301 0.307692
24 0.732893 0.565618 0.534213 0.615105
2 0.514161 0.577063 0.006329 0.004942
11 0.512150 0.594709 0.010350 0.020420
8 0.511888 0.602075 0.016993 0.056131
20 0.501626 0.594895 0.062867 0.047622
13 0.423601 0.570676 0.065927 0.038811
13 0.331538 0.594639 0.082220 0.048275
13 0.234476 0.586247 0.049091 0.054779
13 0.199178 0.589883 0.061993 0.056247
13 0.149423 0.586364 0.064458 0.066667
13 0.093112 0.590140 0.083567 0.064872
13 0.016962 0.579347 0.033925 0.089907