0 0.963364 0.477385 0.073272 0.163315
0 0.889507 0.654142 0.220986 0.193832
10 0.588805 0.809851 0.018526 0.070080
16 0.013827 0.494246 0.027654 0.068308
10 0.882157 0.510873 0.005626 0.019941
11 0.816242 0.536706 0.008237 0.022553
2 0.818539 0.520478 0.005483 0.006572
8 0.818266 0.541107 0.012305 0.047871
2 0.451927 0.484387 0.006588 0.005283
2 0.445001 0.489016 0.006234 0.007973
11 0.452560 0.497700 0.007224 0.013130
11 0.444298 0.503556 0.009470 0.020433
8 0.443666 0.504550 0.010029 0.039788
8 0.454805 0.504544 0.012921 0.046368