9 0.040298 0.051515 0.069125 0.045570
0 0.753231 0.645659 0.370032 0.591700
0 0.241217 0.699037 0.193793 0.481186
18 0.770994 0.198376 0.087941 0.121117
20 0.639408 0.208396 0.090213 0.049579
9 0.348892 0.130125 0.066186 0.044804
9 0.227412 0.096000 0.069125 0.045570
20 0.353815 0.549346 0.039587 0.062060
21 0.500418 0.503089 0.037589 0.066104
21 0.385076 0.526052 0.107378 0.095029
20 0.344897 0.640375 0.069959 0.090802
2 0.318940 0.606891 0.007995 0.010737
11 0.317321 0.623665 0.009295 0.020250
8 0.317595 0.618749 0.012279 0.036590
2 0.629633 0.811354 0.009652 0.011834
11 0.632146 0.845459 0.017759 0.044018
1 0.617219 0.858382 0.005036 0.012075
8 0.624590 0.866611 0.036173 0.125512
2 0.447024 0.701893 0.007639 0.009581
7 0.448696 0.726295 0.012843 0.034716
8 0.446831 0.744963 0.023286 0.098650
8 0.434712 0.740710 0.023885 0.101203
8 0.483407 0.873944 0.036158 0.127985
8 0.456737 0.874151 0.039329 0.129475
8 0.439671 0.867770 0.031091 0.133140
8 0.424049 0.859868 0.037047 0.133284
8 0.442527 0.792283 0.012031 0.020566
8 0.424026 0.774756 0.018044 0.042212
2 0.424887 0.762994 0.013050 0.018248
11 0.424818 0.783110 0.011009 0.019252
2 0.412086 0.757188 0.009590 0.013860
11 0.408275 0.789261 0.018880 0.052000
8 0.408153 0.784041 0.021724 0.074632
2 0.418059 0.792168 0.011959 0.018005
11 0.410310 0.822636 0.018237 0.044115
8 0.406254 0.852117 0.033917 0.142581
11 0.428192 0.834473 0.027800 0.052480
11 0.443396 0.840041 0.022415 0.053242
11 0.458856 0.852304 0.031956 0.055092
11 0.485395 0.854460 0.029488 0.049936
2 0.486334 0.818800 0.011145 0.017510
2 0.464940 0.819839 0.011178 0.015778
2 0.443449 0.802340 0.008994 0.013468
2 0.428723 0.801725 0.010566 0.015967
2 0.438038 0.697381 0.009492 0.012197
2 0.410492 0.697607 0.011005 0.013728
2 0.403815 0.687714 0.009365 0.014276
2 0.370663 0.737925 0.009235 0.014278
2 0.396283 0.749629 0.011606 0.016382
2 0.379597 0.784256 0.011765 0.018629
2 0.368692 0.789547 0.010937 0.016691
2 0.331231 0.753663 0.012233 0.017568
2 0.293297 0.794923 0.009333 0.020443
10 0.346571 0.738128 0.011498 0.034447
8 0.204675 0.873954 0.023134 0.038418
11 0.294323 0.829572 0.022288 0.050484
8 0.302422 0.847196 0.050573 0.130558
8 0.326169 0.808493 0.034318 0.131062
8 0.360444 0.768246 0.032010 0.085328
8 0.381516 0.844899 0.038665 0.139492
8 0.363987 0.843934 0.038687 0.145589
8 0.391387 0.777837 0.023183 0.074092
8 0.409319 0.718940 0.018123 0.061543
8 0.400204 0.711440 0.017990 0.066431
11 0.325586 0.788433 0.021815 0.053384
11 0.364907 0.763077 0.016880 0.033333
11 0.368046 0.820455 0.024498 0.050574
1 0.356263 0.843506 0.006147 0.013979
11 0.382923 0.823675 0.024471 0.055404
11 0.391464 0.779439 0.019954 0.049544
11 0.409115 0.724751 0.014303 0.039347
11 0.400160 0.716586 0.014377 0.035131
11 0.436538 0.724478 0.019490 0.038522
10 0.458385 0.562099 0.007903 0.029525
10 0.467048 0.556996 0.007510 0.022286
10 0.463332 0.546662 0.007849 0.033512