0 0.716250 0.609229 0.410000 0.507519
13 0.389762 0.243872 0.128688 0.132293
11 0.787888 0.714774 0.018125 0.024906
5 0.786263 0.688628 0.009612 0.008496
5 0.701463 0.841241 0.011600 0.009549
5 0.632463 0.810169 0.011100 0.014041
6 0.634375 0.823797 0.008100 0.005414
6 0.702313 0.858158 0.007600 0.007519
8 0.778437 0.717538 0.034875 0.066297
1 0.623150 0.882876 0.010650 0.014229
8 0.709262 0.912726 0.041975 0.152500
11 0.636300 0.854868 0.024462 0.055620
11 0.713138 0.885902 0.028125 0.062989
11 0.829538 0.899004 0.027975 0.055019
2 0.838713 0.862180 0.011100 0.012143
8 0.829337 0.918195 0.033262 0.127594
8 0.632163 0.876278 0.032425 0.147989