0 0.510254 0.550117 0.250977 0.307692
24 0.729854 0.565618 0.497930 0.615105
2 0.507910 0.577063 0.003535 0.004942
11 0.506787 0.594709 0.005781 0.020420
8 0.506641 0.602075 0.009492 0.056131
20 0.500908 0.594895 0.035117 0.047622
13 0.457324 0.570676 0.036826 0.038811
13 0.405898 0.594639 0.045928 0.048275
13 0.351680 0.586247 0.027422 0.054779
13 0.331963 0.589883 0.034629 0.056247
13 0.304170 0.586364 0.036006 0.066667
13 0.272715 0.590140 0.046680 0.064872
13 0.222412 0.579347 0.034482 0.089907
13 0.206113 0.591562 0.033760 0.074872
13 0.180918 0.595152 0.028613 0.066760
19 0.158477 0.599184 0.051025 0.070163
21 0.108740 0.611725 0.061631 0.094103
19 0.073584 0.591422 0.028437 0.072145
19 0.045498 0.600932 0.030898 0.070140
18 0.025342 0.617786 0.050684 0.112028