0 0.335241 0.384601 0.368150 0.447690
10 0.905474 0.617069 0.035477 0.070385
10 0.738505 0.653881 0.050107 0.117573
10 0.737181 0.583612 0.027474 0.068237
10 0.628050 0.558227 0.031291 0.072796
10 0.542139 0.543158 0.030980 0.066825
7 0.700497 0.594052 0.038801 0.061936
5 0.701537 0.542537 0.019622 0.025731
8 0.694765 0.592925 0.076417 0.140836
10 0.235526 0.713998 0.096514 0.222474
10 0.184580 0.681416 0.080769 0.199711
10 0.148680 0.636042 0.075909 0.167874
10 0.149942 0.583591 0.070821 0.154934
10 0.174110 0.488629 0.033856 0.073319
10 0.142450 0.491187 0.033226 0.076092
10 0.104774 0.493887 0.021161 0.065336
10 0.101243 0.577257 0.054906 0.129403
10 0.087277 0.541374 0.036499 0.114160
10 0.066961 0.517582 0.041542 0.107134
17 0.010236 0.388202 0.020472 0.044183
9 0.021192 0.315405 0.042384 0.037618
17 0.087432 0.338236 0.055022 0.028626
17 0.118796 0.399308 0.018096 0.028478
17 0.189965 0.415975 0.043549 0.043477
20 0.142614 0.400777 0.037340 0.044162
20 0.259999 0.441388 0.053274 0.063422
20 0.279371 0.443924 0.076356 0.081718
3 0.404779 0.582765 0.073537 0.169129