0 0.555765 0.457578 0.581176 0.309375
2 0.459435 0.705672 0.069341 0.029141
2 0.510659 0.688422 0.045082 0.024688
6 0.514235 0.710406 0.032329 0.009750
6 0.476682 0.728344 0.022400 0.011984
11 0.518776 0.761641 0.075812 0.078578
11 0.440376 0.781812 0.105459 0.102078
1 0.487529 0.827797 0.033247 0.031797
8 0.463294 0.814172 0.149459 0.246125
8 0.550212 0.790656 0.158588 0.232766
2 0.459294 0.563812 0.007835 0.003578
11 0.459153 0.572641 0.013929 0.011297
8 0.457318 0.576000 0.018847 0.029359
2 0.463294 0.588156 0.008682 0.003484
11 0.459482 0.597781 0.014588 0.012797
8 0.461506 0.601047 0.019365 0.030219