0 0.288744 0.467923 0.577488 0.733750
2 0.980211 0.541573 0.039579 0.037318
2 0.113025 0.575625 0.036215 0.028468
2 0.470992 0.569052 0.051934 0.040968
2 0.521785 0.560403 0.036297 0.034657
2 0.568793 0.530020 0.052198 0.043548
2 0.701802 0.557621 0.032694 0.032782
2 0.726198 0.520625 0.036430 0.033629
2 0.786149 0.594052 0.039107 0.024980
6 0.993736 0.581008 0.012529 0.020907
6 0.584694 0.566452 0.014860 0.013770
6 0.515851 0.592540 0.021455 0.018307
6 0.480876 0.611694 0.023620 0.019960
4 0.116661 0.607097 0.025455 0.018085
11 0.110116 0.675222 0.063455 0.110343
11 0.436711 0.673145 0.082545 0.146492
11 0.511984 0.650827 0.055769 0.116512
11 0.571669 0.639073 0.078975 0.126008
11 0.679174 0.694314 0.035537 0.078891
11 0.721818 0.641996 0.069736 0.150181
11 0.790281 0.684214 0.047372 0.139294
11 0.968198 0.656714 0.063603 0.150323
1 0.500529 0.734415 0.023835 0.023468
1 0.425967 0.749153 0.033983 0.030907
8 0.958430 0.718790 0.083141 0.399073
8 0.788099 0.722561 0.058050 0.289315
8 0.731058 0.711331 0.103223 0.420827
8 0.688231 0.715645 0.074694 0.348810
8 0.575587 0.712823 0.092810 0.412802
8 0.510116 0.726996 0.058050 0.375202
8 0.446231 0.743810 0.107587 0.390464
8 0.125339 0.715766 0.105917 0.316048