0 0.692620 0.731930 0.614760 0.536140
1 0.196028 0.729558 0.013938 0.024673
1 0.156681 0.798350 0.016639 0.019750
11 0.166872 0.730106 0.042673 0.084322
5 0.156825 0.665196 0.018207 0.018970
6 0.160552 0.687063 0.015322 0.012566
8 0.174002 0.765796 0.091732 0.233439
14 0.328617 0.563924 0.020136 0.042610
5 0.886522 0.578406 0.034498 0.031772
6 0.891087 0.605329 0.018316 0.016087
7 0.911558 0.641461 0.050684 0.094496
1 0.873800 0.690216 0.021557 0.022322
8 0.885362 0.668861 0.123182 0.224555