0 0.759375 0.646617 0.403750 0.605263
13 0.446875 0.270677 0.118750 0.150376
11 0.822500 0.755639 0.017500 0.030075
5 0.820000 0.726504 0.010000 0.009398
5 0.747500 0.907895 0.010000 0.011278
5 0.685000 0.878759 0.010000 0.016917
6 0.686875 0.893797 0.006250 0.005639
6 0.749375 0.925752 0.006250 0.009398
8 0.812500 0.760338 0.037500 0.077068
1 0.680000 0.962406 0.010000 0.018797
8 0.757500 0.948308 0.045000 0.095865
11 0.690625 0.929511 0.023750 0.065789
11 0.760000 0.958647 0.027500 0.075188
11 0.872500 0.962406 0.030000 0.067669
2 0.879375 0.919173 0.011250 0.015038
8 0.873125 0.953008 0.038750 0.086466
8 0.687500 0.932331 0.035000 0.127820