16 0.114138 0.571970 0.039812 0.073160
0 0.849641 0.423715 0.095322 0.174941
0 0.801958 0.609601 0.177043 0.219035
10 0.603790 0.801189 0.020212 0.071377
16 0.157032 0.564097 0.039812 0.073160
10 0.781910 0.469394 0.006003 0.020354
11 0.737715 0.503198 0.008118 0.023258
2 0.737708 0.486913 0.004552 0.007168
8 0.739596 0.507279 0.013558 0.048712
2 0.473761 0.497743 0.005206 0.006038
2 0.469310 0.503183 0.005226 0.008643
11 0.475554 0.510784 0.006448 0.013848
11 0.470278 0.517602 0.008778 0.021326
8 0.469930 0.518661 0.011128 0.040462
8 0.477839 0.517245 0.013844 0.047310