0 0.410870 0.309077 0.813043 0.480438
11 0.385870 0.323944 0.276087 0.319249
11 0.413043 0.362285 0.300000 0.214397
6 0.343478 0.135368 0.082609 0.042254
5 0.365217 0.078247 0.117391 0.050078
1 0.432609 0.478091 0.086957 0.070423
1 0.577174 0.499218 0.058696 0.040689
1 0.225000 0.469484 0.063043 0.056338
11 0.477174 0.223787 0.110870 0.106416
5 0.466304 0.147887 0.050000 0.020344
8 0.493478 0.208138 0.130435 0.150235
8 0.557609 0.395931 0.097826 0.244131
8 0.359783 0.441315 0.336957 0.782473