0 0.288363 0.450264 0.576725 0.685386
13 0.950775 0.398663 0.098450 0.749379
2 0.886175 0.519058 0.039713 0.034859
2 0.225475 0.550866 0.027387 0.026591
2 0.496188 0.544727 0.039275 0.038267
2 0.534600 0.536648 0.027450 0.032373
2 0.570150 0.508267 0.039475 0.040678
2 0.670738 0.534049 0.024725 0.030621
2 0.689188 0.499492 0.027550 0.031412
2 0.734525 0.568079 0.029575 0.023333
6 0.895537 0.555895 0.017525 0.019529
6 0.582175 0.542298 0.011238 0.012863
6 0.530113 0.566667 0.016225 0.017100
6 0.503663 0.584557 0.017863 0.018644
4 0.228225 0.580264 0.019250 0.016893
11 0.223275 0.643898 0.047987 0.103070
11 0.470262 0.641959 0.062425 0.136836
11 0.527188 0.621111 0.042175 0.108832
11 0.572325 0.610132 0.059725 0.117702
11 0.653625 0.661733 0.026875 0.073691
11 0.685875 0.612863 0.052737 0.140283
11 0.737650 0.652298 0.035825 0.130113
11 0.876662 0.626610 0.057025 0.140414
1 0.518525 0.699190 0.018025 0.021921
1 0.462137 0.712957 0.025700 0.028870
8 0.870300 0.684595 0.073850 0.372768
8 0.736000 0.688117 0.043900 0.270245
8 0.692863 0.677627 0.078063 0.393088
8 0.660475 0.681657 0.056488 0.325819
8 0.575288 0.679021 0.070187 0.385593
8 0.525775 0.692260 0.043900 0.350471
8 0.477463 0.707966 0.081363 0.364727
8 0.234787 0.681770 0.080100 0.295217