0 0.781032 0.636787 0.437936 0.427783
13 0.424359 0.337310 0.145928 0.111806
11 0.876097 0.723610 0.020581 0.020966
5 0.874145 0.701882 0.010894 0.007199
5 0.779049 0.829993 0.013144 0.008102
5 0.700982 0.805086 0.012599 0.011832
6 0.703203 0.816397 0.009172 0.004614
6 0.780085 0.844054 0.008617 0.006358
8 0.865436 0.726038 0.039683 0.055626
1 0.690788 0.865696 0.012091 0.011982
8 0.788176 0.889353 0.048084 0.127433
11 0.705515 0.842218 0.027875 0.046603
11 0.792434 0.866986 0.032044 0.052782
11 0.923955 0.876297 0.031840 0.046150
2 0.934154 0.845540 0.012590 0.010253
8 0.923814 0.892265 0.038134 0.106596
8 0.700937 0.860085 0.037279 0.123550