0 0.489710 0.508095 0.610553 0.342619
2 0.608185 0.761777 0.072164 0.032819
2 0.555252 0.745806 0.047422 0.027292
6 0.553591 0.768740 0.033309 0.011323
6 0.592862 0.785935 0.023538 0.013268
11 0.553530 0.822044 0.082999 0.084332
11 0.634000 0.840026 0.114822 0.109814
1 0.590703 0.889482 0.036165 0.034221
8 0.613835 0.872010 0.171634 0.255981
8 0.524522 0.853313 0.179626 0.247337
2 0.595874 0.614653 0.008179 0.004004
11 0.596791 0.623803 0.014974 0.012238
8 0.598928 0.627218 0.021496 0.031154
2 0.593996 0.640049 0.009021 0.003939
11 0.598667 0.649888 0.015767 0.013818
8 0.596923 0.653351 0.022091 0.032065