0 0.670475 0.380533 0.309037 0.354400
10 0.113600 0.507550 0.026925 0.058833
10 0.266025 0.562267 0.036125 0.099550
10 0.274387 0.500867 0.019413 0.058000
10 0.379025 0.493300 0.022625 0.061600
10 0.460900 0.491650 0.022950 0.056233
7 0.307638 0.514950 0.031025 0.050717
5 0.311888 0.469667 0.016275 0.020583
8 0.313112 0.514733 0.059125 0.116967
10 0.730338 0.682600 0.070000 0.188133
10 0.781288 0.660900 0.057162 0.169700
10 0.819463 0.625967 0.055800 0.141533
10 0.823600 0.579833 0.052238 0.130517
10 0.810625 0.493367 0.025050 0.061717
10 0.839975 0.499867 0.024150 0.064317
10 0.874938 0.507300 0.013612 0.056250
10 0.869787 0.580833 0.039525 0.109600
10 0.886487 0.551267 0.023325 0.098350
10 0.907900 0.533150 0.028938 0.091283
17 0.983088 0.428700 0.033812 0.034500
9 0.975700 0.362783 0.046338 0.026850
17 0.906937 0.373233 0.050200 0.018283
17 0.871412 0.422533 0.014512 0.023283
17 0.803162 0.427567 0.037550 0.033333
20 0.848987 0.420617 0.031475 0.034817
20 0.735088 0.440417 0.044863 0.050050
20 0.716713 0.440033 0.065262 0.063417
3 0.585350 0.544833 0.053375 0.143000