2 0.848029 0.283558 0.080793 0.069159
8 0.265817 0.838245 0.300264 0.323486
11 0.633197 0.477885 0.060625 0.135024
4 0.610937 0.401923 0.018702 0.034615
4 0.862933 0.364639 0.028149 0.045913
4 0.072716 0.305144 0.021971 0.021346
4 0.099038 0.282837 0.024135 0.017572
4 0.315481 0.271490 0.024327 0.021346
4 0.190625 0.335385 0.022188 0.021731
4 0.301707 0.405361 0.030409 0.029447
4 0.502620 0.297620 0.033221 0.027909
5 0.480938 0.143389 0.018678 0.010312
5 0.376995 0.155337 0.015120 0.010216
5 0.073750 0.234760 0.016803 0.015216
5 0.061875 0.230120 0.014687 0.013125
5 0.094231 0.248269 0.036130 0.027788
5 0.016875 0.235601 0.023269 0.016875
5 0.057115 0.274471 0.041226 0.027308
5 0.182668 0.300481 0.054327 0.040841
5 0.173029 0.236010 0.023029 0.020120
5 0.206659 0.228053 0.029880 0.023293
5 0.316322 0.221563 0.047644 0.034495
5 0.296466 0.344856 0.077620 0.057500
5 0.505409 0.240986 0.067620 0.049255
7 0.515385 0.365240 0.070769 0.122332
7 0.481635 0.172933 0.022452 0.028558
7 0.379808 0.188654 0.025553 0.031178
7 0.344880 0.328389 0.061466 0.103894
7 0.262981 0.501010 0.082788 0.175072
7 0.222885 0.301971 0.045865 0.079904
7 0.170481 0.401178 0.051587 0.129279
7 0.184519 0.275072 0.031587 0.021274
7 0.099688 0.337692 0.051851 0.079231
7 0.051346 0.358990 0.051346 0.085769
7 0.031803 0.259784 0.019423 0.021947
8 0.008101 0.302716 0.016202 0.163125
8 0.014832 0.245889 0.019183 0.051899
8 0.029399 0.270625 0.026659 0.036466
8 0.064255 0.458654 0.089159 0.400457
8 0.059808 0.231611 0.010529 0.023341
8 0.071034 0.233101 0.016202 0.023918
8 0.108365 0.429279 0.069183 0.392212
8 0.164279 0.479303 0.087308 0.396130
8 0.177043 0.251779 0.052716 0.049231
8 0.231514 0.275144 0.079928 0.124832
8 0.289615 0.494038 0.155288 0.365457
8 0.349255 0.316322 0.118317 0.228798
8 0.380000 0.210192 0.030769 0.122284
8 0.486394 0.180553 0.027188 0.089447
8 0.520120 0.348510 0.123462 0.264303
8 0.641274 0.506923 0.079736 0.338365
8 0.832740 0.456250 0.166995 0.438942
2 0.621827 0.355048 0.038413 0.049038
11 0.830312 0.506514 0.118870 0.253389