7 0.968268 0.321865 0.063465 0.223108
7 0.897193 0.301730 0.097748 0.170514
7 0.772573 0.343189 0.126433 0.204324
7 0.522632 0.338568 0.171725 0.330189
7 0.252135 0.340892 0.167778 0.342216
1 0.009196 0.501270 0.018392 0.019243
1 0.209532 0.472487 0.048333 0.084513
1 0.365819 0.342081 0.049415 0.098919
1 0.937105 0.976162 0.095029 0.047676
11 0.771257 0.746865 0.183860 0.473568
4 0.670029 0.626595 0.017807 0.046324
2 0.652515 0.570676 0.050175 0.069595
2 0.478889 0.553838 0.086433 0.097351
11 0.531345 0.833662 0.218129 0.332676
10 0.488333 0.946838 0.078187 0.106324
8 0.651316 0.715649 0.060585 0.364459
8 0.533626 0.754054 0.225146 0.491892
8 0.835117 0.755034 0.299035 0.489932
8 0.776725 0.313541 0.139357 0.294919
8 0.011192 0.442351 0.022383 0.137243
8 0.277895 0.273946 0.249210 0.476162
8 0.525994 0.259784 0.268655 0.492054
4 0.430292 0.196487 0.074649 0.080459
4 0.205439 0.152405 0.056491 0.053703
4 0.986725 0.202486 0.025029 0.050676
4 0.941959 0.210243 0.040146 0.039162
4 0.884327 0.205892 0.043801 0.035378
4 0.761959 0.233432 0.043947 0.041324
5 0.743860 0.176351 0.048246 0.025432
5 0.882281 0.145135 0.055819 0.024432
5 0.943655 0.147811 0.052690 0.024865