2 0.798241 0.330923 0.030400 0.027968
2 0.688868 0.409092 0.021483 0.029752
2 0.623667 0.525982 0.019899 0.025737
2 0.707609 0.502437 0.022253 0.029909
6 0.787227 0.351064 0.014618 0.009052
1 0.744619 0.382344 0.009881 0.018582
1 0.791658 0.428028 0.009731 0.021350
1 0.702165 0.460027 0.012195 0.010449
1 0.658460 0.446775 0.010334 0.012476
1 0.640220 0.569875 0.005880 0.006322
1 0.702081 0.562163 0.013724 0.020508
1 0.671232 0.526926 0.007649 0.008713
1 0.599025 0.548362 0.008876 0.013338
1 0.561317 0.673544 0.003716 0.005772
2 0.572852 0.678414 0.018658 0.023759
2 0.510760 0.688960 0.016022 0.023794
11 0.516058 0.694809 0.035134 0.041833
11 0.627509 0.536667 0.031987 0.042953
11 0.701202 0.514934 0.051448 0.059738
11 0.689585 0.427904 0.042060 0.056369
11 0.780170 0.372723 0.065554 0.078872
8 0.772275 0.397363 0.083176 0.160963
8 0.683707 0.454225 0.061346 0.120820
8 0.687031 0.531863 0.080442 0.093583
8 0.622034 0.552185 0.054004 0.075911
8 0.574464 0.692602 0.031171 0.062722
8 0.515811 0.705691 0.037278 0.064225