2 0.814333 0.347000 0.023333 0.028000
2 0.740000 0.352000 0.020000 0.020000
2 0.679667 0.347000 0.010000 0.014000
2 0.695667 0.333000 0.023333 0.028000
2 0.691000 0.360000 0.040667 0.036000
2 0.607000 0.348500 0.022000 0.023000
2 0.557333 0.356000 0.042667 0.038000
2 0.513000 0.364000 0.015333 0.018000
2 0.500667 0.364500 0.016000 0.017000
2 0.470667 0.358000 0.029333 0.028000
2 0.430333 0.332500 0.022000 0.021000
2 0.392000 0.308000 0.036000 0.038000
2 0.402000 0.360500 0.061333 0.067000
2 0.341333 0.385000 0.018667 0.022000
2 0.320667 0.374500 0.010667 0.009000
11 0.323000 0.396500 0.012667 0.027000
1 0.336667 0.480000 0.013333 0.020000
1 0.366333 0.535500 0.012667 0.037000
1 0.403000 0.669000 0.027333 0.074000
1 0.445000 0.515000 0.010000 0.026000
1 0.506000 0.451000 0.006667 0.010000
1 0.505333 0.452000 0.008000 0.012000
1 0.780333 0.390500 0.038000 0.029000
1 0.653333 0.453500 0.009333 0.017000
1 0.657000 0.541500 0.016667 0.033000
1 0.634000 0.475500 0.010667 0.023000
1 0.319333 0.472000 0.012000 0.020000
1 0.315333 0.471500 0.009333 0.019000
1 0.290333 0.449000 0.011333 0.024000
1 0.279000 0.448000 0.022000 0.018000
1 0.166000 0.420000 0.016000 0.014000
1 0.210667 0.509000 0.010667 0.026000
1 0.173667 0.474500 0.015333 0.021000
1 0.167000 0.484500 0.012667 0.015000
1 0.121000 0.538500 0.011333 0.031000
1 0.120000 0.538500 0.020000 0.029000
1 0.121667 0.542500 0.011333 0.031000
2 0.305667 0.372500 0.023333 0.023000
2 0.266000 0.354500 0.028000 0.025000
2 0.207333 0.368500 0.021333 0.023000
2 0.165667 0.376000 0.019333 0.022000
2 0.115000 0.371000 0.034000 0.026000
2 0.080667 0.380000 0.036000 0.036000
11 0.081333 0.506000 0.070667 0.142000
11 0.116667 0.452500 0.056000 0.105000
11 0.165000 0.453000 0.054000 0.088000
11 0.206333 0.449500 0.028667 0.099000
11 0.262333 0.443000 0.052667 0.106000
11 0.301667 0.441500 0.042000 0.091000
11 0.336000 0.444000 0.032000 0.078000
11 0.435667 0.404000 0.031333 0.076000
11 0.499667 0.425500 0.034000 0.069000
11 0.513667 0.419000 0.007333 0.052000
11 0.581667 0.422500 0.016667 0.021000
11 0.607667 0.421500 0.055333 0.087000
11 0.665333 0.416000 0.017333 0.086000
11 0.696000 0.409000 0.052000 0.064000
11 0.735333 0.414000 0.036000 0.078000
11 0.696000 0.463000 0.069333 0.136000
11 0.554333 0.470500 0.076667 0.151000
11 0.465333 0.438500 0.062667 0.097000
11 0.371000 0.414500 0.043333 0.125000
11 0.408667 0.546000 0.084000 0.232000
6 0.814667 0.369000 0.006667 0.016000
11 0.826333 0.413500 0.047333 0.091000
6 0.739000 0.377000 0.012667 0.012000
6 0.685333 0.395000 0.018667 0.018000
6 0.606667 0.375500 0.012000 0.013000
6 0.567667 0.397500 0.007333 0.019000
6 0.513333 0.383500 0.006667 0.009000
6 0.500667 0.383500 0.009333 0.009000
6 0.471667 0.386000 0.016667 0.014000
2 0.482000 0.379000 0.005333 0.016000
6 0.431333 0.357000 0.012000 0.012000
6 0.424000 0.410500 0.006667 0.027000
6 0.342000 0.404500 0.008000 0.009000
6 0.305667 0.399000 0.012667 0.012000
6 0.266000 0.383000 0.017333 0.012000
4 0.204333 0.391000 0.007333 0.020000
6 0.165000 0.400500 0.014000 0.013000
6 0.120667 0.401500 0.012000 0.015000
6 0.087333 0.414500 0.013333 0.019000
8 0.088333 0.510000 0.086000 0.298000
8 0.115333 0.500500 0.052000 0.285000
8 0.167000 0.489500 0.056667 0.249000
8 0.194667 0.489000 0.065333 0.264000
8 0.266000 0.485000 0.058667 0.288000
8 0.320333 0.389500 0.016667 0.039000
8 0.304667 0.479000 0.048000 0.236000
8 0.337000 0.473000 0.032667 0.202000
8 0.377000 0.503500 0.063333 0.429000
8 0.436000 0.393000 0.033333 0.146000
8 0.466000 0.496000 0.073333 0.308000
8 0.500000 0.450000 0.036000 0.190000
8 0.509333 0.440500 0.022667 0.173000
8 0.554000 0.537000 0.081333 0.404000
8 0.611000 0.461000 0.059333 0.250000
8 0.666667 0.426500 0.034667 0.177000
8 0.690333 0.386500 0.067333 0.141000
8 0.738667 0.428500 0.044000 0.177000
8 0.816000 0.436500 0.058667 0.207000
8 0.721667 0.527500 0.152667 0.373000
8 0.407000 0.635000 0.084667 0.624000