2 0.182000 0.343000 0.022667 0.028000
2 0.258000 0.347500 0.020000 0.019000
2 0.319667 0.342500 0.011333 0.015000
2 0.303333 0.328500 0.024000 0.029000
2 0.307667 0.356000 0.042000 0.036000
2 0.394667 0.344000 0.022667 0.022000
2 0.443333 0.351500 0.041333 0.039000
2 0.485667 0.360000 0.014000 0.018000
2 0.498000 0.360500 0.014667 0.019000
2 0.527000 0.353500 0.028667 0.029000
2 0.565667 0.327000 0.022000 0.022000
2 0.603000 0.303000 0.034000 0.040000
2 0.593333 0.357000 0.058667 0.068000
2 0.651667 0.381000 0.016667 0.022000
2 0.671667 0.371000 0.010000 0.008000
11 0.669000 0.394000 0.011333 0.028000
1 0.656333 0.482500 0.012667 0.023000
1 0.628000 0.540500 0.012000 0.039000
1 0.592333 0.677000 0.026000 0.072000
1 0.551667 0.519500 0.008667 0.029000
1 0.492333 0.452500 0.006000 0.011000
1 0.493333 0.452500 0.006667 0.013000
1 0.216333 0.388000 0.039333 0.032000
1 0.346333 0.454000 0.008667 0.018000
1 0.342667 0.548000 0.016000 0.034000
1 0.366333 0.478500 0.011333 0.025000
1 0.672333 0.474000 0.011333 0.020000
1 0.676667 0.473000 0.009333 0.020000
1 0.700000 0.450500 0.010667 0.025000
1 0.711000 0.449500 0.022000 0.019000
1 0.822000 0.419000 0.017333 0.014000
1 0.775667 0.513500 0.010000 0.027000
1 0.813000 0.477000 0.016667 0.022000
1 0.820667 0.488000 0.013333 0.016000
1 0.869667 0.545000 0.011333 0.032000
1 0.870333 0.545000 0.022000 0.030000
1 0.868667 0.549000 0.012000 0.032000
2 0.685667 0.369000 0.022000 0.024000
2 0.723667 0.350500 0.026000 0.027000
2 0.779000 0.364500 0.020667 0.023000
2 0.822333 0.373000 0.020667 0.022000
2 0.876333 0.367500 0.036667 0.027000
2 0.912667 0.376500 0.037333 0.037000
11 0.911667 0.510500 0.075333 0.151000
11 0.874000 0.452500 0.060000 0.113000
11 0.823000 0.454000 0.058000 0.092000
11 0.780333 0.450000 0.027333 0.106000
11 0.727000 0.443000 0.050000 0.112000
11 0.689667 0.442000 0.040667 0.098000
11 0.657000 0.444500 0.030000 0.081000
11 0.560333 0.402500 0.030000 0.081000
11 0.498667 0.424500 0.033333 0.073000
11 0.485333 0.417500 0.008000 0.057000
11 0.419667 0.421500 0.015333 0.023000
11 0.393000 0.420500 0.055333 0.093000
11 0.334333 0.415000 0.018000 0.090000
11 0.303333 0.407500 0.053333 0.067000
11 0.262333 0.412500 0.036667 0.081000
11 0.302333 0.464000 0.071333 0.146000
11 0.446333 0.472000 0.074000 0.162000
11 0.532333 0.437500 0.060667 0.103000
11 0.623333 0.413000 0.041333 0.132000
11 0.587000 0.549500 0.080667 0.241000
6 0.181667 0.364500 0.007333 0.017000
11 0.170333 0.412500 0.046000 0.095000
6 0.258667 0.373000 0.012000 0.012000
6 0.313333 0.393000 0.018667 0.020000
6 0.394667 0.372000 0.013333 0.012000
6 0.432667 0.395000 0.006667 0.020000
6 0.485667 0.379500 0.006000 0.009000
6 0.498000 0.380500 0.009333 0.009000
6 0.526000 0.383000 0.016000 0.014000
2 0.516000 0.376000 0.005333 0.016000
6 0.564667 0.352500 0.012000 0.013000
6 0.571667 0.408500 0.006000 0.029000
6 0.650667 0.402000 0.008000 0.012000
6 0.685667 0.396000 0.011333 0.014000
6 0.723000 0.379500 0.016667 0.013000
4 0.781667 0.387500 0.007333 0.019000
6 0.822667 0.398500 0.016000 0.015000
6 0.870000 0.399500 0.013333 0.017000
6 0.905667 0.413000 0.015333 0.020000
8 0.904000 0.512500 0.092000 0.311000
8 0.875333 0.502500 0.056000 0.299000
8 0.821000 0.492000 0.060667 0.262000
8 0.793000 0.491500 0.064667 0.279000
8 0.723667 0.487500 0.055333 0.303000
8 0.671667 0.386500 0.015333 0.041000
8 0.686667 0.481500 0.045333 0.251000
8 0.655667 0.475000 0.031333 0.214000
8 0.617000 0.504500 0.060667 0.443000
8 0.560333 0.391000 0.032667 0.152000
8 0.531333 0.498500 0.070667 0.321000
8 0.498333 0.451500 0.034000 0.201000
8 0.489000 0.441000 0.022000 0.182000
8 0.446333 0.538500 0.078000 0.415000
8 0.389667 0.462500 0.060667 0.263000
8 0.332667 0.426500 0.036000 0.185000
8 0.308667 0.385000 0.068000 0.148000
8 0.259000 0.429000 0.044667 0.186000
8 0.181000 0.437500 0.059333 0.219000
8 0.276667 0.529500 0.157333 0.385000
8 0.588667 0.633000 0.081333 0.630000