2 0.846154 0.282452 0.081731 0.069712
8 0.265625 0.836538 0.300481 0.322115
11 0.632212 0.475962 0.062500 0.134615
4 0.610577 0.401442 0.019231 0.033654
4 0.861779 0.364183 0.026442 0.045673
4 0.070913 0.304087 0.021635 0.021635
4 0.098558 0.282452 0.024038 0.016827
4 0.314904 0.270433 0.024038 0.021635
4 0.188702 0.334135 0.021635 0.024038
4 0.300481 0.403846 0.028846 0.028846
4 0.502404 0.296875 0.033654 0.026442
5 0.479567 0.141827 0.016827 0.009615
5 0.375000 0.153846 0.014423 0.009615
5 0.073317 0.233173 0.016827 0.014423
5 0.060096 0.229567 0.014423 0.012019
5 0.092548 0.247596 0.036058 0.028846
5 0.015625 0.234375 0.021635 0.016827
5 0.056490 0.272837 0.040865 0.026442
5 0.181490 0.299279 0.055288 0.040865
5 0.171875 0.234375 0.021635 0.021635
5 0.205529 0.227163 0.031250 0.021635
5 0.314904 0.219952 0.048077 0.036058
5 0.295673 0.343750 0.076923 0.057692
5 0.504808 0.240385 0.067308 0.048077
7 0.514423 0.364183 0.072115 0.122596
7 0.480769 0.171875 0.024038 0.026442
7 0.378606 0.186298 0.026442 0.031250
7 0.343750 0.328125 0.062500 0.103365
7 0.262019 0.500000 0.081731 0.173077
7 0.222356 0.301683 0.045673 0.079327
7 0.169471 0.400240 0.050481 0.127404
7 0.183894 0.274038 0.031250 0.019231
7 0.098558 0.336538 0.052885 0.076923
7 0.050481 0.358173 0.052885 0.086538
7 0.031250 0.258413 0.019231 0.021635
8 0.007212 0.301683 0.014423 0.161058
8 0.014423 0.245192 0.019231 0.052885
8 0.027644 0.269231 0.026442 0.038462
8 0.063702 0.457933 0.088942 0.401442
8 0.058894 0.230769 0.012019 0.024038
8 0.069712 0.230769 0.014423 0.024038
8 0.106971 0.429087 0.069712 0.391827
8 0.163462 0.477163 0.086538 0.396635
8 0.175481 0.250000 0.052885 0.048077
8 0.229567 0.274038 0.079327 0.125000
8 0.288462 0.492788 0.153846 0.365385
8 0.347356 0.314904 0.117788 0.230769
8 0.378606 0.209135 0.031250 0.120192
8 0.484375 0.179087 0.026442 0.088942
8 0.519231 0.347356 0.125000 0.262019
8 0.640625 0.506010 0.079327 0.338942
8 0.831731 0.455529 0.168269 0.439904
2 0.620192 0.353365 0.038462 0.048077
11 0.829327 0.506010 0.120192 0.252404