11 0.962333 0.577000 0.075333 0.286000
11 0.765847 0.402900 0.031007 0.091950
11 0.804147 0.433920 0.054913 0.121690
11 0.729167 0.428770 0.046933 0.111390
11 0.685760 0.427670 0.030160 0.090730
11 0.659280 0.474600 0.056453 0.156890
11 0.615893 0.398210 0.035533 0.085660
11 0.586460 0.473760 0.056440 0.112130
11 0.557200 0.430610 0.021633 0.070460
11 0.509833 0.486140 0.081493 0.172290
11 0.459467 0.428190 0.029413 0.094850
11 0.427853 0.453830 0.069047 0.113810
11 0.340873 0.443540 0.046080 0.108610
11 0.297320 0.472800 0.072673 0.125600
11 0.246660 0.443460 0.052967 0.099220
2 0.233927 0.368300 0.028180 0.030450
2 0.303627 0.365400 0.037493 0.040040
2 0.333227 0.349280 0.028560 0.033940
2 0.431467 0.353890 0.027980 0.030850
2 0.448040 0.346530 0.022520 0.026900
2 0.497667 0.354940 0.041207 0.042200
2 0.562713 0.370760 0.015733 0.023070
2 0.582613 0.362650 0.030733 0.034220
2 0.592320 0.344400 0.018060 0.013420
2 0.616793 0.325410 0.021427 0.023130
2 0.648580 0.340970 0.038873 0.040400
2 0.673887 0.355670 0.014933 0.019040
2 0.733747 0.337200 0.029560 0.029790
2 0.790300 0.325830 0.013893 0.016280
2 0.799787 0.332340 0.031847 0.024680
2 0.963467 0.316800 0.071660 0.095130
6 0.963420 0.405450 0.032780 0.033980
6 0.792633 0.365720 0.013327 0.016060
6 0.736467 0.367580 0.013873 0.012080
6 0.669900 0.379150 0.009560 0.012140
6 0.644787 0.381800 0.017740 0.015920
6 0.614287 0.354680 0.013100 0.012430
6 0.568580 0.380880 0.005027 0.007910
6 0.578073 0.397930 0.011687 0.011240
6 0.495353 0.403920 0.015073 0.021690
6 0.427113 0.386210 0.015147 0.013950
6 0.328587 0.386230 0.013227 0.010920
6 0.299913 0.407630 0.014160 0.016800
6 0.235280 0.396240 0.013167 0.012480
1 0.229987 0.452060 0.032980 0.033350
1 0.254653 0.496620 0.016467 0.030150
1 0.224113 0.509780 0.008833 0.022630
1 0.405300 0.400550 0.010560 0.016490
1 0.461260 0.495330 0.011460 0.029120
1 0.550493 0.463270 0.005300 0.020390
1 0.587773 0.550230 0.014847 0.026610
1 0.616000 0.517070 0.016853 0.024920
1 0.616393 0.499500 0.007860 0.017450
1 0.687167 0.450570 0.006827 0.011920
1 0.693940 0.483320 0.014820 0.025110
1 0.758320 0.491260 0.013233 0.028680
1 0.825567 0.499090 0.010027 0.018170
1 0.985407 0.738890 0.029187 0.057780
1 0.922587 0.712930 0.023173 0.044320
8 0.932873 0.633330 0.134253 0.733330
8 0.772713 0.458690 0.047413 0.281380
8 0.801093 0.485360 0.070653 0.334720
8 0.727547 0.476540 0.080413 0.311080
8 0.683800 0.450160 0.034580 0.208310
8 0.649320 0.530250 0.076867 0.418500
8 0.615400 0.452790 0.039373 0.277590
8 0.592340 0.351770 0.016160 0.031530
8 0.559247 0.452150 0.023687 0.188300
8 0.583260 0.486290 0.062327 0.278570
8 0.481053 0.432090 0.017407 0.078180
8 0.505720 0.538380 0.085400 0.410750
8 0.455367 0.464970 0.039447 0.265940
8 0.423760 0.502850 0.070653 0.325700
8 0.340687 0.457240 0.047473 0.248480
8 0.271520 0.536360 0.115140 0.384720
8 0.245660 0.480250 0.054860 0.256500