1 0.910000 0.733000 0.028000 0.030000
1 0.750000 0.624500 0.026667 0.037000
1 0.590000 0.628500 0.013333 0.031000
1 0.575000 0.630000 0.020667 0.042000
1 0.467333 0.603500 0.021333 0.051000
1 0.409667 0.562000 0.015333 0.022000
1 0.400667 0.582000 0.024000 0.034000
1 0.312000 0.510000 0.016000 0.026000
1 0.451667 0.559500 0.015333 0.019000
1 0.353333 0.563000 0.008000 0.022000
1 0.244333 0.610000 0.020667 0.036000
1 0.140667 0.616000 0.028000 0.038000
6 0.198000 0.413000 0.032000 0.026000
6 0.246000 0.382000 0.021333 0.020000
6 0.310000 0.403000 0.028000 0.024000
6 0.347667 0.402500 0.022000 0.021000
6 0.400333 0.436000 0.022000 0.022000
6 0.420667 0.395500 0.017333 0.021000
6 0.452333 0.421500 0.020667 0.021000
6 0.506000 0.378000 0.024000 0.022000
6 0.496333 0.440500 0.022000 0.021000
6 0.573000 0.396500 0.020667 0.021000
6 0.557667 0.456000 0.023333 0.024000
6 0.602333 0.434500 0.022000 0.023000
6 0.676333 0.408500 0.023333 0.025000
6 0.888667 0.494000 0.033333 0.032000
6 0.833333 0.471500 0.025333 0.023000
6 0.782000 0.487000 0.025333 0.026000
6 0.716000 0.456500 0.028000 0.023000
6 0.633333 0.463000 0.024000 0.026000
2 0.894000 0.442500 0.053333 0.051000
2 0.840667 0.430500 0.041333 0.043000
2 0.789667 0.444000 0.046000 0.048000
2 0.720667 0.416500 0.040000 0.041000
2 0.678333 0.370500 0.032667 0.037000
2 0.636667 0.416000 0.038667 0.042000
2 0.605000 0.397000 0.034000 0.040000
2 0.576667 0.364000 0.030667 0.034000
2 0.561333 0.414500 0.037333 0.041000
2 0.507333 0.343000 0.033333 0.034000
2 0.497333 0.403500 0.036000 0.041000
2 0.456667 0.386000 0.034667 0.038000
2 0.418667 0.358500 0.033333 0.037000
2 0.399000 0.393500 0.038000 0.043000
2 0.350667 0.361500 0.038667 0.039000
2 0.311333 0.359500 0.044000 0.047000
2 0.249667 0.340000 0.043333 0.048000
2 0.200333 0.358000 0.052667 0.054000
11 0.890667 0.591500 0.137333 0.205000
11 0.828000 0.524500 0.066667 0.079000
11 0.777000 0.576000 0.114000 0.186000
11 0.710333 0.532500 0.103333 0.157000
11 0.677667 0.449000 0.059333 0.066000
11 0.630000 0.542000 0.102667 0.170000
11 0.549000 0.534500 0.079333 0.147000
1 0.537000 0.616000 0.022000 0.046000
11 0.597000 0.461500 0.044667 0.063000
11 0.559667 0.433500 0.063333 0.057000
11 0.503667 0.426500 0.075333 0.089000
11 0.483000 0.529500 0.075333 0.157000
11 0.435333 0.507500 0.053333 0.143000
11 0.422667 0.430500 0.028000 0.037000
11 0.393000 0.514000 0.088667 0.156000
11 0.343667 0.443500 0.051333 0.079000
11 0.302000 0.484500 0.116000 0.161000
11 0.248333 0.466000 0.083333 0.158000
11 0.182333 0.500500 0.138000 0.211000
8 0.881000 0.661500 0.182000 0.507000
8 0.824667 0.612000 0.081333 0.414000
8 0.774333 0.648500 0.147333 0.469000
8 0.706333 0.600000 0.122000 0.424000
8 0.669667 0.548000 0.080667 0.392000
8 0.626667 0.613000 0.121333 0.448000
8 0.591667 0.571000 0.079333 0.394000
8 0.567667 0.536000 0.060667 0.376000
8 0.548667 0.600000 0.112000 0.414000
8 0.497333 0.517000 0.101333 0.390000
8 0.482667 0.587000 0.093333 0.416000
8 0.443667 0.561500 0.079333 0.393000
8 0.412667 0.533000 0.070667 0.386000
8 0.393000 0.582500 0.115333 0.425000
8 0.347000 0.524000 0.079333 0.374000
8 0.301333 0.565500 0.145333 0.469000
8 0.248333 0.536000 0.108667 0.448000
8 0.187000 0.583500 0.172667 0.519000