1 0.069555 0.559763 0.025215 0.017008
8 0.066360 0.510821 0.032975 0.115278
7 0.956155 0.369021 0.087690 0.241882
7 0.891338 0.368586 0.075571 0.213047
7 0.829488 0.379160 0.058629 0.187606
7 0.773198 0.364699 0.080588 0.144849
7 0.679287 0.403083 0.103683 0.173862
7 0.487940 0.407084 0.142622 0.279940
7 0.281107 0.417505 0.140013 0.289816
1 0.095501 0.558698 0.025215 0.017008
1 0.253008 0.528262 0.039855 0.071789
1 0.368108 0.414926 0.041174 0.083801
1 0.827980 0.951460 0.076807 0.097079
1 0.900355 0.941710 0.076367 0.116580
11 0.905298 0.627824 0.189404 0.202971
11 0.692051 0.738778 0.156796 0.399539
4 0.610515 0.641951 0.015201 0.039077
2 0.595210 0.596004 0.040755 0.059442
2 0.461823 0.587453 0.069436 0.083660
11 0.511571 0.820333 0.178355 0.287171
10 0.483699 0.934251 0.065924 0.131497
8 0.599238 0.716586 0.058776 0.304947
8 0.511768 0.772089 0.191491 0.455822
8 0.742422 0.767593 0.247944 0.464814
8 0.904836 0.763372 0.190327 0.473257
8 0.681451 0.378300 0.116659 0.249597
8 0.094676 0.509659 0.032975 0.115278
8 0.298528 0.361032 0.206873 0.403747
8 0.487825 0.341470 0.222289 0.417571
4 0.412460 0.291842 0.059846 0.069244
4 0.238957 0.262245 0.045044 0.046426
4 0.936425 0.232303 0.052816 0.042101
4 0.868575 0.257169 0.040018 0.044739
4 0.838299 0.279369 0.020874 0.042922
4 0.804321 0.287223 0.032045 0.033823
4 0.760088 0.285414 0.034712 0.030791
4 0.667423 0.312154 0.035027 0.035740
5 0.651631 0.265259 0.037772 0.022661
5 0.756450 0.234959 0.043531 0.022067
5 0.803488 0.235258 0.041153 0.022329
5 0.865477 0.192578 0.050544 0.032451
5 0.937971 0.164032 0.057909 0.030734