7 0.965473 0.279683 0.069054 0.279683
7 0.901535 0.275778 0.076547 0.246913
7 0.830435 0.285198 0.058338 0.217810
7 0.766854 0.265541 0.085499 0.166464
7 0.657852 0.306016 0.110588 0.199472
7 0.439233 0.301504 0.150205 0.322348
7 0.202634 0.303773 0.146752 0.334090
1 0.165371 0.432243 0.042276 0.082507
1 0.302072 0.304934 0.043222 0.096570
1 0.801765 0.950343 0.083120 0.099314
1 0.884910 0.940633 0.081841 0.118734
11 0.900793 0.580818 0.198414 0.228549
11 0.656701 0.700106 0.160818 0.462322
4 0.568159 0.582691 0.015575 0.045224
2 0.552839 0.528100 0.043887 0.067942
2 0.400972 0.511662 0.075601 0.095040
11 0.446854 0.787018 0.190793 0.329129
10 0.409233 0.921715 0.068389 0.156570
8 0.551790 0.669631 0.052992 0.355805
8 0.448849 0.733509 0.196931 0.532982
8 0.712558 0.734466 0.261560 0.531069
8 0.900256 0.733509 0.199488 0.532982
8 0.661483 0.277071 0.121893 0.287916
8 0.225166 0.238417 0.217979 0.464855
8 0.442174 0.232388 0.234987 0.464776
4 0.358465 0.162797 0.065294 0.078549
4 0.161790 0.119763 0.049412 0.052427
4 0.959386 0.118206 0.058517 0.046966
4 0.880767 0.144090 0.043734 0.050686
4 0.845166 0.168654 0.021893 0.049472
4 0.806010 0.176227 0.035115 0.038232
4 0.755601 0.171979 0.038312 0.034538
4 0.648568 0.198865 0.038440 0.040343
5 0.632737 0.143140 0.042199 0.024829
5 0.753811 0.112665 0.048824 0.023852
5 0.807494 0.115277 0.046087 0.024274
5 0.880256 0.068232 0.056368 0.035726
5 0.964348 0.038259 0.064885 0.033351