1 0.135022 0.641208 0.030941 0.032560
1 0.322661 0.571032 0.029181 0.040951
1 0.495889 0.623805 0.014398 0.033651
1 0.511813 0.629964 0.023209 0.045819
1 0.632299 0.633455 0.023569 0.056200
1 0.700167 0.605658 0.017019 0.024524
1 0.707233 0.629619 0.026786 0.038029
1 0.812948 0.578022 0.017895 0.028040
1 0.654903 0.589798 0.017381 0.021187
1 0.760713 0.623273 0.008812 0.024733
1 0.872905 0.706825 0.023259 0.039096
1 0.984416 0.744004 0.031167 0.042033
6 0.949164 0.506873 0.035199 0.028206
6 0.901443 0.459353 0.023886 0.022042
6 0.829183 0.462893 0.030303 0.026057
6 0.788517 0.451149 0.024632 0.023038
6 0.726902 0.471437 0.024605 0.024663
6 0.710457 0.421735 0.019346 0.022530
6 0.672666 0.440018 0.023091 0.023024
6 0.620319 0.377461 0.026614 0.023586
6 0.622150 0.448035 0.023942 0.023581
6 0.545040 0.377162 0.022412 0.022286
6 0.553903 0.446273 0.025819 0.025549
6 0.508111 0.409274 0.023778 0.024994
6 0.431353 0.359384 0.025578 0.026520
6 0.189905 0.388181 0.037146 0.035242
6 0.252604 0.380886 0.027713 0.025967
6 0.306223 0.412934 0.028164 0.028853
6 0.381758 0.399445 0.030981 0.025793
6 0.470878 0.431612 0.026368 0.028859
2 0.191011 0.331364 0.058254 0.056845
2 0.250233 0.334046 0.045086 0.047497
2 0.303867 0.363860 0.050299 0.052385
2 0.382386 0.355169 0.043729 0.045189
2 0.434102 0.317970 0.035715 0.040592
2 0.473456 0.379565 0.042880 0.045895
2 0.510182 0.368547 0.036903 0.043848
2 0.545117 0.341099 0.033832 0.037685
2 0.555015 0.400123 0.041218 0.044355
2 0.623187 0.339034 0.036359 0.037692
2 0.626025 0.407530 0.039792 0.045640
2 0.672452 0.400770 0.038667 0.042339
2 0.717157 0.381873 0.036725 0.041009
2 0.733728 0.425871 0.041841 0.047674
2 0.790615 0.405384 0.042048 0.042611
2 0.833553 0.415483 0.048485 0.051957
2 0.902946 0.412872 0.047546 0.052736
2 0.954184 0.446386 0.058396 0.059096
11 0.174576 0.493896 0.150873 0.225294
11 0.251747 0.439983 0.073411 0.086111
11 0.299867 0.510674 0.125132 0.204339
11 0.378335 0.483649 0.113816 0.171934
11 0.424490 0.402819 0.064990 0.071677
11 0.463920 0.517991 0.113422 0.186560
11 0.552805 0.534145 0.087231 0.161015
1 0.554657 0.625910 0.024083 0.050176
11 0.510353 0.440816 0.048733 0.069366
11 0.554566 0.421108 0.069023 0.063086
11 0.616127 0.430080 0.083255 0.097847
11 0.624952 0.548095 0.083134 0.173415
11 0.679465 0.538611 0.059146 0.156968
11 0.703543 0.458618 0.030598 0.040722
11 0.724680 0.558126 0.097412 0.171922
11 0.787186 0.496623 0.056454 0.086855
11 0.827294 0.553441 0.127307 0.177669
11 0.887723 0.549249 0.091619 0.173449
11 0.939430 0.606532 0.121141 0.231709
8 0.175798 0.572390 0.200012 0.558647
8 0.243521 0.535377 0.089164 0.455956
8 0.293295 0.590112 0.161773 0.517110
8 0.373695 0.558458 0.133858 0.466698
8 0.419952 0.512576 0.088080 0.431899
8 0.458236 0.595718 0.133080 0.492812
8 0.501873 0.560620 0.086997 0.433683
8 0.532466 0.530108 0.066525 0.415132
8 0.544692 0.605253 0.122788 0.456425
8 0.610736 0.530777 0.110941 0.429406
8 0.617602 0.610921 0.102239 0.457785
8 0.663300 0.594789 0.086591 0.433370
8 0.700613 0.572725 0.077669 0.425070
8 0.715290 0.632229 0.126567 0.467839
8 0.773066 0.583045 0.087203 0.412032
8 0.817123 0.641558 0.159921 0.516051
8 0.878672 0.625349 0.119236 0.493145
8 0.921914 0.694842 0.156172 0.571082