2 0.229000 0.489000 0.024667 0.028000
2 0.301333 0.476000 0.021333 0.020000
2 0.359333 0.458000 0.010667 0.014000
2 0.342667 0.451000 0.025333 0.028000
2 0.350000 0.471500 0.042667 0.039000
2 0.429333 0.443000 0.022667 0.024000
2 0.476333 0.437500 0.043333 0.041000
2 0.518333 0.434000 0.015333 0.018000
2 0.530000 0.432500 0.016000 0.017000
2 0.557333 0.419500 0.030667 0.029000
2 0.592667 0.388000 0.024000 0.026000
2 0.626667 0.356000 0.037333 0.044000
2 0.622333 0.405000 0.064667 0.072000
2 0.681667 0.412500 0.019333 0.023000
2 0.700000 0.398500 0.010667 0.011000
11 0.700000 0.418000 0.013333 0.024000
1 0.695000 0.488500 0.014000 0.019000
1 0.672333 0.540500 0.015333 0.033000
1 0.649667 0.666500 0.032667 0.075000
1 0.596000 0.542500 0.012000 0.023000
1 0.532667 0.504000 0.006667 0.010000
1 0.533667 0.504000 0.007333 0.012000
1 0.266000 0.516000 0.040000 0.032000
1 0.395667 0.539500 0.011333 0.015000
1 0.400333 0.614500 0.019333 0.035000
1 0.416667 0.553500 0.012000 0.021000
1 0.710333 0.478500 0.014000 0.019000
1 0.714000 0.477000 0.010667 0.018000
1 0.735333 0.453500 0.013333 0.021000
1 0.746000 0.450500 0.022667 0.019000
1 0.854667 0.400500 0.017333 0.015000
1 0.818000 0.484500 0.013333 0.023000
1 0.851667 0.448500 0.018000 0.021000
1 0.859667 0.454500 0.014000 0.015000
1 0.912000 0.488000 0.014667 0.028000
1 0.913000 0.488000 0.023333 0.028000
1 0.911333 0.491500 0.014667 0.027000
2 0.714000 0.393000 0.024000 0.028000
2 0.749667 0.366000 0.028667 0.030000
2 0.807000 0.364500 0.024667 0.025000
2 0.850333 0.361000 0.022000 0.024000
2 0.901333 0.343500 0.037333 0.031000
2 0.936667 0.343000 0.040000 0.040000
11 0.948333 0.451000 0.086000 0.134000
11 0.907333 0.414000 0.066667 0.102000
11 0.858333 0.426500 0.063333 0.087000
11 0.816333 0.433500 0.039333 0.089000
11 0.761333 0.441500 0.058667 0.099000
11 0.724333 0.450000 0.048667 0.084000
11 0.692667 0.460000 0.037333 0.070000
11 0.594333 0.449500 0.036667 0.069000
11 0.536667 0.482000 0.038667 0.064000
11 0.523000 0.479500 0.012667 0.045000
11 0.460333 0.498000 0.016667 0.022000
11 0.436000 0.503000 0.058667 0.084000
11 0.380000 0.511500 0.025333 0.073000
11 0.350333 0.512500 0.056667 0.065000
11 0.312000 0.526000 0.042667 0.072000
11 0.355000 0.558500 0.080667 0.131000
11 0.490000 0.531500 0.085333 0.141000
11 0.570333 0.484000 0.067333 0.094000
11 0.656667 0.442000 0.052000 0.114000
11 0.633333 0.563500 0.101333 0.217000
6 0.230667 0.506500 0.008000 0.015000
11 0.223333 0.545500 0.054667 0.085000
6 0.304667 0.496000 0.013333 0.012000
6 0.358333 0.499000 0.019333 0.018000
6 0.432333 0.465500 0.012667 0.013000
6 0.470667 0.473500 0.008000 0.017000
6 0.519667 0.450000 0.007333 0.010000
6 0.532000 0.447500 0.009333 0.009000
6 0.559000 0.443000 0.016667 0.016000
2 0.549333 0.439500 0.006667 0.015000
6 0.593667 0.410000 0.012667 0.012000
6 0.606333 0.452000 0.008667 0.022000
6 0.682667 0.428500 0.008000 0.009000
6 0.716667 0.415500 0.013333 0.013000
6 0.752000 0.392500 0.017333 0.017000
4 0.812333 0.384000 0.008667 0.020000
6 0.853333 0.383000 0.016000 0.016000
6 0.898667 0.372500 0.014667 0.017000
6 0.933000 0.375000 0.015333 0.020000
8 0.941000 0.452500 0.115333 0.271000
8 0.913333 0.451500 0.081333 0.253000
8 0.860333 0.455000 0.082000 0.222000
8 0.832000 0.461500 0.092000 0.237000
8 0.762000 0.475000 0.082667 0.256000
8 0.702000 0.410500 0.018667 0.037000
8 0.724667 0.479500 0.066667 0.207000
8 0.694000 0.482500 0.050667 0.173000
8 0.659000 0.520000 0.099333 0.386000
8 0.593333 0.439000 0.045333 0.130000
8 0.575000 0.535500 0.098000 0.279000
8 0.538667 0.502000 0.050667 0.164000
8 0.529000 0.496500 0.036667 0.145000
8 0.496667 0.595000 0.113333 0.370000
8 0.435667 0.538500 0.079333 0.225000
8 0.380000 0.520500 0.052000 0.153000
8 0.353333 0.493000 0.078667 0.130000
8 0.310333 0.540000 0.059333 0.158000
8 0.235667 0.566000 0.078000 0.190000
8 0.336000 0.627000 0.184000 0.364000
8 0.643000 0.643500 0.138000 0.561000