11 0.242657 0.410430 0.055061 0.091338
11 0.183688 0.428386 0.093006 0.124539
11 0.293044 0.443500 0.080300 0.113119
11 0.356145 0.453952 0.053699 0.090011
11 0.389426 0.503379 0.099097 0.156781
11 0.460745 0.445731 0.060940 0.086843
11 0.495176 0.521822 0.094174 0.116296
11 0.542357 0.490512 0.039107 0.069430
11 0.605001 0.553225 0.137115 0.177312
11 0.684428 0.514095 0.053067 0.093540
11 0.727489 0.545621 0.112650 0.121139
11 0.854819 0.559251 0.078757 0.110380
11 0.914808 0.597200 0.119203 0.132759
11 0.973833 0.584023 0.052333 0.103704
2 0.917422 0.498402 0.058787 0.046100
2 0.876240 0.476017 0.045157 0.038227
2 0.733194 0.454281 0.043977 0.035280
2 0.709953 0.443254 0.035622 0.030267
2 0.637026 0.437773 0.064411 0.049033
2 0.540914 0.434929 0.025355 0.025014
2 0.512928 0.422346 0.048341 0.039054
2 0.500843 0.403281 0.027674 0.016900
2 0.467414 0.379652 0.033623 0.026569
2 0.419589 0.385343 0.060829 0.046789
2 0.381260 0.391965 0.023753 0.021158
2 0.296429 0.359475 0.046153 0.034738
2 0.215619 0.334279 0.021942 0.018388
2 0.201141 0.337665 0.048911 0.030719
6 0.207864 0.369741 0.021096 0.018039
6 0.289155 0.386234 0.021453 0.014584
6 0.384472 0.414252 0.015201 0.013501
6 0.420620 0.423271 0.027484 0.019076
6 0.467845 0.406786 0.020369 0.014696
6 0.531293 0.442534 0.008160 0.008479
6 0.515651 0.455451 0.018188 0.013247
6 0.635017 0.482682 0.024246 0.023592
6 0.735970 0.484659 0.023505 0.016611
6 0.878925 0.510659 0.020387 0.013364
6 0.918184 0.537575 0.022386 0.018928
1 0.974106 0.629994 0.027195 0.031610
1 0.766049 0.503381 0.017128 0.017699
1 0.674472 0.574345 0.019818 0.029359
1 0.548511 0.521819 0.009924 0.019839
1 0.484894 0.590636 0.024457 0.027982
1 0.447571 0.553202 0.027183 0.026982
1 0.448925 0.537208 0.013316 0.017855
1 0.351596 0.474292 0.011211 0.012581
1 0.338181 0.502125 0.024254 0.026618
1 0.243899 0.492330 0.022342 0.029428
1 0.145470 0.481678 0.016539 0.019077
8 0.056315 0.574791 0.112631 0.698639
8 0.226583 0.459077 0.099617 0.266988
8 0.182483 0.475714 0.139180 0.321358
8 0.290162 0.487131 0.150751 0.302551
8 0.356526 0.474809 0.072992 0.197518
8 0.397781 0.556336 0.157372 0.398769
8 0.455483 0.495225 0.087536 0.261440
8 0.500007 0.409941 0.026901 0.032778
8 0.537028 0.509453 0.054995 0.176548
8 0.498446 0.533998 0.120947 0.268379
8 0.652680 0.511930 0.033820 0.075298
8 0.605247 0.601556 0.168905 0.394010
8 0.686348 0.548441 0.086366 0.250923
8 0.728059 0.591035 0.138192 0.313200
8 0.853590 0.571691 0.096100 0.237248
8 0.920339 0.661488 0.159322 0.378310
8 0.967550 0.617560 0.064900 0.246450