10 0.884897 0.095963 0.017948 0.027933
10 0.741990 0.118233 0.012200 0.025827
10 0.871840 0.129226 0.022004 0.026887
10 0.759489 0.134543 0.015266 0.021702
10 0.616880 0.141614 0.011329 0.016821
10 0.518442 0.159078 0.012174 0.018397
10 0.398439 0.180390 0.015821 0.020277
10 0.276058 0.202717 0.016111 0.023279
10 0.110103 0.235441 0.023477 0.027788
10 0.088240 0.254488 0.030361 0.034474
10 0.127293 0.274156 0.037462 0.043411
10 0.191936 0.320635 0.049372 0.066236
10 0.354529 0.432365 0.081693 0.120974
10 0.679399 0.129548 0.009783 0.015168
10 0.920156 0.102011 0.014566 0.021627
10 0.867644 0.100482 0.011402 0.017571
10 0.838460 0.098707 0.009638 0.013667
10 0.818984 0.098536 0.008792 0.012090
10 0.806161 0.097647 0.007247 0.010438
10 0.748149 0.127047 0.014903 0.017950
10 0.042003 0.233701 0.018840 0.022831
10 0.169781 0.212307 0.015048 0.019451
10 0.322794 0.184774 0.012174 0.018397
10 0.413083 0.170844 0.012657 0.016221
10 0.507006 0.154247 0.008237 0.013516
10 0.554577 0.144935 0.008865 0.012841
10 0.567170 0.139782 0.008165 0.012765
10 0.579593 0.136543 0.006546 0.010362
10 0.590217 0.129328 0.005000 0.008710
10 0.668096 0.122428 0.008237 0.013516
10 0.658846 0.121911 0.006691 0.011863
10 0.654186 0.121277 0.005919 0.011037
10 0.644381 0.122336 0.005919 0.011037
10 0.640771 0.121589 0.005846 0.010287
10 0.636388 0.120167 0.005773 0.009536
10 0.607398 0.124058 0.005073 0.009460
10 0.584506 0.128808 0.003527 0.007808
10 0.737570 0.116436 0.006837 0.013364
10 0.733210 0.111598 0.005991 0.011788
10 0.728682 0.108675 0.005919 0.011037
10 0.680677 0.124481 0.006209 0.014039