10 0.725455 0.126689 0.010000 0.023649
10 0.631818 0.132432 0.006364 0.021622
10 0.715000 0.154392 0.012727 0.022297
10 0.642045 0.148649 0.008636 0.018919
10 0.550455 0.141554 0.006364 0.014189
10 0.486136 0.146959 0.006818 0.015541
10 0.407727 0.154392 0.009091 0.016892
10 0.327273 0.162838 0.009091 0.020270
10 0.219091 0.176351 0.013636 0.022973
10 0.203409 0.190878 0.017727 0.027703
10 0.227727 0.212162 0.021818 0.035135
10 0.265909 0.259797 0.028182 0.054730
10 0.363636 0.375000 0.045455 0.102703
10 0.820682 0.158108 0.015000 0.027027
10 0.591364 0.136486 0.005455 0.012162
10 0.920682 0.139189 0.014091 0.024324
10 0.807500 0.139189 0.009545 0.020270
10 0.747500 0.135135 0.007727 0.018919
10 0.714091 0.128716 0.006364 0.014189
10 0.695000 0.124324 0.005455 0.012162
10 0.682955 0.122297 0.005000 0.009459
10 0.674773 0.120270 0.004091 0.009459
10 0.635227 0.141216 0.008636 0.014865
10 0.070455 0.181419 0.010909 0.025000
10 0.175455 0.167905 0.010909 0.019595
10 0.258409 0.161486 0.008636 0.016216
10 0.358864 0.151014 0.006818 0.015541
10 0.417727 0.147635 0.007273 0.012838
10 0.479091 0.141892 0.004545 0.012162
10 0.509773 0.138514 0.005000 0.010811
10 0.518182 0.134459 0.004545 0.010811
10 0.526364 0.133446 0.003636 0.008784
10 0.533636 0.127365 0.002727 0.007432
10 0.584545 0.129392 0.004545 0.011486
10 0.578636 0.127703 0.003636 0.010811
10 0.575227 0.126351 0.003182 0.009459
10 0.568864 0.126351 0.003182 0.009459
10 0.566591 0.126014 0.003182 0.008784
10 0.563864 0.123649 0.003182 0.008108
10 0.545000 0.124662 0.002727 0.008784
10 0.530000 0.126351 0.001818 0.006757
10 0.629091 0.130743 0.003636 0.011486
10 0.626591 0.126014 0.003182 0.010135
10 0.624091 0.122297 0.002727 0.009459
10 0.592500 0.132095 0.003182 0.011486