10 0.725455 0.126689 0.010000 0.023649
10 0.632273 0.132770 0.006364 0.022297
10 0.715000 0.155068 0.012727 0.022297
10 0.642500 0.148986 0.008636 0.018243
10 0.550455 0.141554 0.006364 0.014189
10 0.486136 0.147635 0.006818 0.015541
10 0.407727 0.155068 0.009091 0.016892
10 0.327727 0.163176 0.009091 0.019595
10 0.219091 0.176351 0.013636 0.022973
10 0.203864 0.191216 0.017727 0.028378
10 0.227727 0.212500 0.021818 0.035811
10 0.266364 0.260135 0.028182 0.055405
10 0.363864 0.375338 0.045909 0.102027
10 0.821136 0.158108 0.015000 0.027027
10 0.591364 0.136824 0.005455 0.012838
10 0.920682 0.139865 0.014091 0.024324
10 0.807727 0.139527 0.010000 0.020946
10 0.747727 0.135473 0.008182 0.018243
10 0.714091 0.129054 0.006364 0.014865
10 0.695455 0.124662 0.005455 0.011486
10 0.682955 0.122635 0.005000 0.010135
10 0.674773 0.120608 0.004091 0.008784
10 0.635682 0.141216 0.008636 0.014865
10 0.070909 0.181419 0.010909 0.025000
10 0.175455 0.168243 0.010909 0.018919
10 0.258864 0.161486 0.008636 0.016216
10 0.358864 0.151689 0.006818 0.015541
10 0.417727 0.147973 0.007273 0.013514
10 0.479091 0.142230 0.004545 0.011487
10 0.510227 0.138514 0.005000 0.010811
10 0.518636 0.135135 0.004545 0.010811
10 0.526818 0.133446 0.003636 0.008784
10 0.534091 0.128041 0.002727 0.007432
10 0.584545 0.129392 0.004545 0.011486
10 0.578636 0.128041 0.003636 0.010135
10 0.575682 0.127027 0.003182 0.009459
10 0.569318 0.127027 0.003182 0.009459
10 0.567045 0.126014 0.003182 0.008784
10 0.564318 0.124324 0.003182 0.008108
10 0.545455 0.125000 0.002727 0.008108
10 0.530455 0.127027 0.001818 0.006757
10 0.629545 0.130743 0.003636 0.011487
10 0.627045 0.126014 0.003182 0.010135
10 0.624318 0.122973 0.003182 0.009459
10 0.592500 0.132432 0.003182 0.012162