8 0.783750 0.390000 0.072500 0.330000
8 0.845000 0.367500 0.065000 0.305000
8 0.650000 0.582500 0.355000 0.835000
8 0.365000 0.550000 0.350000 0.900000
8 0.166250 0.500000 0.277500 1.000000
6 0.227500 0.227500 0.070000 0.115000
5 0.221250 0.052500 0.097500 0.105000
5 0.447500 0.232500 0.155000 0.195000
5 0.680000 0.272500 0.145000 0.175000
5 0.783750 0.237500 0.012500 0.025000
5 0.851250 0.232500 0.017500 0.025000
7 0.850000 0.300000 0.040000 0.100000
7 0.780000 0.335000 0.040000 0.120000
7 0.635000 0.802500 0.225000 0.395000
7 0.371250 0.790000 0.247500 0.420000
7 0.165000 0.577500 0.205000 0.665000
4 0.440000 0.515000 0.145000 0.270000
4 0.693750 0.522500 0.117500 0.225000