4 0.771524 0.017040 0.066122 0.034079
4 0.531745 0.078123 0.071773 0.037690
4 0.137867 0.020641 0.048920 0.041282
4 0.136039 0.144116 0.060609 0.051841
4 0.048227 0.303863 0.082410 0.059747
4 0.019197 0.635451 0.038393 0.061697
4 0.443767 0.826931 0.090222 0.076065
4 0.680637 0.944440 0.080111 0.075451
4 0.919197 0.717112 0.049169 0.048231
4 0.970215 0.794657 0.059571 0.068520
6 0.987659 0.454404 0.024681 0.049206
4 0.818310 0.213502 0.066842 0.065271
4 0.549917 0.221516 0.076205 0.058014
4 0.527812 0.396643 0.064654 0.062419
4 0.808947 0.474801 0.056814 0.071047
4 0.514321 0.740108 0.059972 0.062022
4 0.357452 0.466282 0.052964 0.053971
4 0.337756 0.219783 0.066094 0.066390
4 0.227452 0.219386 0.076759 0.076968
5 0.053435 0.206137 0.095291 0.092310
5 0.143878 0.067004 0.068920 0.049603
5 0.229668 0.122635 0.081108 0.058339
5 0.337368 0.130072 0.081468 0.054188
5 0.026482 0.517148 0.052964 0.098736
5 0.363850 0.368412 0.086787 0.090072
5 0.506066 0.636570 0.093933 0.086751
5 0.430693 0.720975 0.110582 0.076967
5 0.519003 0.018773 0.091385 0.037545
5 0.817950 0.117834 0.076704 0.063863
5 0.970152 0.360650 0.059695 0.082094
5 0.971842 0.682672 0.056316 0.053574
5 0.936814 0.618339 0.051828 0.050289
5 0.778837 0.368809 0.099529 0.068051
5 0.533573 0.301588 0.079751 0.062780
5 0.534820 0.128809 0.094765 0.074440
7 0.937708 0.088258 0.124585 0.176516
7 0.762521 0.159892 0.158393 0.269603
7 0.472825 0.157978 0.052521 0.148014
7 0.684211 0.019856 0.088643 0.039711
7 0.500028 0.035298 0.143961 0.070596
7 0.337784 0.057031 0.133103 0.114061
7 0.138199 0.242274 0.100693 0.145632
7 0.072410 0.462960 0.144820 0.279134
7 0.059557 0.810469 0.119114 0.379061
7 0.222742 0.442022 0.191136 0.358881
7 0.376981 0.306715 0.101357 0.122491
7 0.341357 0.679747 0.175513 0.355487
7 0.421302 0.933403 0.210997 0.133195
7 0.542050 0.839458 0.100720 0.169531
7 0.663850 0.984702 0.169114 0.030596
7 0.760277 0.685451 0.136648 0.347906
7 0.952756 0.595921 0.094488 0.248628
7 0.895457 0.785451 0.090803 0.072924
7 0.934238 0.901986 0.131524 0.196029
5 0.670859 0.835596 0.082216 0.062960
8 0.678947 0.064287 0.103934 0.128574
8 0.846898 0.038005 0.082909 0.076011
8 0.753850 0.168231 0.231108 0.336462
8 0.933463 0.132383 0.133075 0.264765
8 0.962320 0.167834 0.075360 0.335668
8 0.915997 0.555090 0.168005 0.470975
8 0.887258 0.797545 0.180111 0.404910
8 0.900616 0.827004 0.198767 0.345993
8 0.820637 0.305848 0.225873 0.451336
8 0.777008 0.662455 0.240997 0.675090
8 0.672742 0.900144 0.212549 0.199711
8 0.417867 0.842202 0.305374 0.315596
8 0.536565 0.766173 0.167091 0.345957
8 0.556039 0.506137 0.221468 0.475668
8 0.558532 0.339386 0.248560 0.510794
8 0.526925 0.149359 0.209695 0.298718
8 0.515291 0.072166 0.221302 0.144332
8 0.335319 0.102274 0.213850 0.204549
8 0.348338 0.271408 0.181967 0.329206
8 0.337950 0.660650 0.254848 0.678700
8 0.127812 0.731047 0.255623 0.537906
8 0.099640 0.389639 0.199280 0.455523
8 0.219806 0.531661 0.205762 0.887726
8 0.139917 0.181444 0.129335 0.289928
8 0.201801 0.038294 0.075596 0.076588
8 0.140942 0.093962 0.159363 0.187924
8 0.026316 0.099278 0.052632 0.198556