8 0.722425 0.297500 0.052750 0.308100
8 0.781475 0.263300 0.046925 0.283150
8 0.606725 0.571750 0.301775 0.856500
8 0.321250 0.572500 0.297500 0.855000
8 0.119675 0.535850 0.221150 0.928250
6 0.164600 0.269100 0.063175 0.094700
5 0.147975 0.102000 0.092975 0.086650
5 0.381075 0.226450 0.146125 0.152850
5 0.613500 0.209350 0.134875 0.140450
5 0.713475 0.154250 0.013125 0.021550
5 0.780175 0.131950 0.016075 0.020450
7 0.781875 0.198200 0.034700 0.087700
7 0.715250 0.246500 0.031875 0.110400
7 0.603550 0.778250 0.197600 0.443500
7 0.341525 0.796750 0.221375 0.406500
7 0.124250 0.614750 0.167250 0.599100
4 0.390275 0.493350 0.131925 0.225800
4 0.641375 0.443950 0.108050 0.187850