7 0.025580 0.052173 0.051159 0.104345
5 0.165902 0.041782 0.060470 0.057655
7 0.053801 0.048713 0.054611 0.097426
8 0.211966 0.034284 0.078786 0.068568
8 0.100450 0.045848 0.040992 0.091696
8 0.061164 0.050629 0.092057 0.101258
4 0.049875 0.500784 0.071395 0.075083
4 0.123301 0.829102 0.052663 0.072666
5 0.037911 0.402917 0.075823 0.110297
5 0.102141 0.710802 0.068764 0.112707
7 0.049514 0.203440 0.054611 0.196699
7 0.070627 0.664204 0.141254 0.311443
7 0.115412 0.904642 0.157076 0.190717
8 0.096975 0.824350 0.193950 0.351300
8 0.071604 0.594931 0.143208 0.499465
8 0.011680 0.164108 0.023360 0.106574
8 0.044090 0.248184 0.088179 0.293851
4 0.672475 0.044623 0.058907 0.072728
4 0.497331 0.162340 0.060295 0.050889
4 0.185714 0.171709 0.043845 0.055832
4 0.200876 0.299552 0.053546 0.063206
4 0.154154 0.476691 0.071395 0.075083
4 0.167858 0.818808 0.052663 0.072666
4 0.527873 0.935017 0.079563 0.092971
4 0.725960 0.983169 0.071686 0.033662
4 0.880044 0.739296 0.044250 0.057519
4 0.938249 0.806596 0.072292 0.083892
6 0.914862 0.457694 0.058583 0.061786
4 0.920572 0.307624 0.062835 0.073778
4 0.736085 0.248148 0.060117 0.077893
4 0.530183 0.304066 0.066383 0.072226
4 0.536146 0.485047 0.058055 0.074620
4 0.763196 0.513975 0.053143 0.081946
4 0.570870 0.834674 0.054393 0.073385
4 0.413933 0.585798 0.047931 0.063997
4 0.366360 0.340111 0.059687 0.078891
4 0.281253 0.359361 0.069300 0.091485
5 0.145330 0.376969 0.085606 0.110297
5 0.174250 0.106015 0.060470 0.057655
5 0.196790 0.220200 0.059660 0.062424
5 0.270251 0.261156 0.070206 0.073427
5 0.354275 0.249487 0.069939 0.069295
5 0.157933 0.697912 0.068764 0.112707
5 0.406008 0.485717 0.078754 0.106519
5 0.550901 0.731474 0.083829 0.104435
5 0.503871 0.830230 0.095381 0.097510
5 0.477612 0.088480 0.079592 0.086499
5 0.723238 0.151498 0.067536 0.078227
5 0.925194 0.166450 0.036558 0.064166
5 0.914450 0.224456 0.064525 0.070840
5 0.892975 0.365125 0.097763 0.103088
5 0.928726 0.692185 0.075689 0.070021
5 0.880651 0.636304 0.046571 0.060073
5 0.983242 0.761285 0.033516 0.097305
5 0.726052 0.412187 0.085687 0.086527
5 0.528101 0.387926 0.069743 0.077675
5 0.506361 0.213033 0.082852 0.092138
7 0.885755 0.137533 0.130550 0.275066
7 0.810719 0.100292 0.131186 0.200584
7 0.686023 0.203891 0.157557 0.300772
7 0.462391 0.253567 0.059945 0.158991
7 0.602023 0.052121 0.084004 0.104242
7 0.462155 0.086603 0.130468 0.173205
7 0.339906 0.136385 0.127806 0.217398
7 0.079461 0.196521 0.054611 0.196699
7 0.215439 0.398400 0.096777 0.165164
7 0.186228 0.634949 0.163295 0.311443
7 0.222211 0.892304 0.157076 0.215392
7 0.306873 0.585272 0.194534 0.396860
7 0.408027 0.421006 0.094249 0.141889
7 0.429569 0.804467 0.182041 0.390646
7 0.605304 0.917753 0.099938 0.164493
7 0.753343 0.735601 0.151077 0.376058
7 0.918618 0.603212 0.162763 0.283357
7 0.870717 0.812612 0.079599 0.089899
7 0.926173 0.903962 0.147654 0.192077
7 0.978997 0.966764 0.042007 0.066472
5 0.704119 0.903319 0.071668 0.078296
8 0.603927 0.098189 0.107220 0.196377
8 0.729978 0.055722 0.084102 0.111445
8 0.675339 0.202262 0.232599 0.404524
8 0.813745 0.145656 0.157317 0.291312
8 0.869880 0.176354 0.180580 0.352708
8 0.932052 0.224976 0.055159 0.196613
8 0.928317 0.346058 0.107245 0.315060
8 0.880288 0.568484 0.239423 0.521235
8 0.866220 0.802793 0.192554 0.394415
8 0.890396 0.826991 0.219208 0.346019
8 0.956938 0.854392 0.086124 0.291215
8 0.750012 0.341091 0.233466 0.496515
8 0.763460 0.673333 0.275000 0.653334
8 0.714290 0.924178 0.190607 0.151643
8 0.510145 0.884171 0.277409 0.231657
8 0.591446 0.833653 0.174295 0.332694
8 0.572298 0.590710 0.233267 0.520329
8 0.552312 0.421691 0.258772 0.560666
8 0.500753 0.218126 0.205382 0.373524
8 0.478644 0.125959 0.200041 0.251919
8 0.343824 0.181605 0.202207 0.325177
8 0.381302 0.390415 0.183565 0.365226
8 0.424669 0.710001 0.286155 0.579997
8 0.264407 0.799853 0.283207 0.400295
8 0.197591 0.555974 0.228463 0.499465
8 0.316386 0.604683 0.275293 0.790634
8 0.208771 0.336598 0.137821 0.316142
8 0.232465 0.140720 0.078786 0.171167
8 0.193350 0.211672 0.157009 0.290981
8 0.113465 0.138554 0.040992 0.106574
8 0.097686 0.235353 0.092057 0.293851
4 0.981423 0.290598 0.037154 0.073778
5 0.954286 0.159729 0.036558 0.064166
5 0.973390 0.209533 0.053220 0.070840
7 0.957851 0.126533 0.084298 0.253066
8 0.953233 0.161697 0.093533 0.323394
8 0.962597 0.217919 0.055159 0.196613
8 0.971523 0.330266 0.056954 0.315060