6 0.054725 0.053700 0.042675 0.044233
6 0.111525 0.015200 0.037875 0.026867
4 0.286200 0.076967 0.059675 0.055667
4 0.502600 0.145467 0.064775 0.034800
4 0.858075 0.089933 0.044150 0.043033
4 0.859725 0.206400 0.054700 0.047867
4 0.938975 0.353900 0.074375 0.055167
4 0.973925 0.660067 0.052150 0.056967
4 0.582000 0.836867 0.081425 0.070233
4 0.368225 0.945367 0.072300 0.069667
4 0.152925 0.735467 0.044375 0.044533
4 0.096725 0.807067 0.074075 0.063267
4 0.024775 0.899233 0.048600 0.098433
6 0.071775 0.492900 0.061000 0.045433
4 0.043125 0.361000 0.064250 0.055800
4 0.243975 0.270467 0.060325 0.060267
4 0.486200 0.277867 0.068775 0.053567
4 0.506150 0.439567 0.058350 0.057633
4 0.252425 0.511733 0.051275 0.065600
4 0.518325 0.756700 0.054125 0.057267
4 0.659900 0.503867 0.047800 0.049833
4 0.677675 0.276267 0.059650 0.061300
4 0.777225 0.275900 0.069275 0.071067
5 0.934275 0.263667 0.086000 0.085233
5 0.861400 0.029333 0.063925 0.041133
5 0.852650 0.135200 0.062200 0.045800
5 0.775225 0.186567 0.073200 0.053867
5 0.678025 0.193433 0.073525 0.050033
5 0.967350 0.550833 0.065300 0.091167
5 0.654125 0.413500 0.078325 0.083167
5 0.525775 0.661100 0.084775 0.080100
5 0.593800 0.739033 0.099800 0.071067
5 0.514100 0.075933 0.082475 0.064133
5 0.290950 0.013167 0.067775 0.026300
5 0.244300 0.182133 0.069225 0.058967
5 0.017025 0.236767 0.034050 0.052467
5 0.037800 0.286000 0.066750 0.052667
5 0.082975 0.406333 0.101800 0.075800
5 0.090650 0.703667 0.080350 0.049467
5 0.137025 0.644267 0.046775 0.046433
5 0.026375 0.778367 0.051800 0.079533
5 0.279600 0.413867 0.089825 0.062833
5 0.500950 0.351800 0.071975 0.057967
5 0.499825 0.192267 0.085525 0.068733
7 0.055725 0.191967 0.110475 0.254133
7 0.133300 0.130433 0.118275 0.211767
7 0.294325 0.220967 0.142950 0.248933
7 0.555775 0.219200 0.047400 0.136667
7 0.365000 0.055000 0.080000 0.110000
7 0.531225 0.070133 0.129925 0.136767
7 0.677650 0.090200 0.120125 0.176900
7 0.982475 0.090167 0.035050 0.173333
7 0.857775 0.297033 0.090875 0.134467
7 0.925900 0.500800 0.148200 0.257733
7 0.937500 0.823333 0.125000 0.353333
7 0.781475 0.481467 0.172500 0.331367
7 0.642275 0.356533 0.091475 0.113100
7 0.674425 0.700967 0.158400 0.328233
7 0.602275 0.936833 0.190425 0.126300
7 0.493300 0.848433 0.090900 0.156533
7 0.383375 0.984200 0.152625 0.031567
7 0.296350 0.706233 0.123325 0.321233
7 0.084200 0.623567 0.162150 0.229567
7 0.174350 0.798567 0.081950 0.067333
7 0.127225 0.907833 0.142950 0.184333
7 0.048150 0.970167 0.095325 0.059633
5 0.377050 0.844867 0.074200 0.058133
8 0.369750 0.096900 0.093800 0.190300
8 0.218175 0.072633 0.074825 0.141767
8 0.302150 0.192867 0.208575 0.382267
8 0.134500 0.158900 0.131200 0.317800
8 0.074250 0.191633 0.147525 0.383267
8 0.017875 0.290067 0.035725 0.173133
8 0.040000 0.396667 0.080000 0.273333
8 0.117375 0.585867 0.228500 0.434867
8 0.181750 0.811400 0.162550 0.377200
8 0.151650 0.838600 0.215475 0.322800
8 0.056875 0.867533 0.112775 0.264900
8 0.241875 0.355733 0.203850 0.416733
8 0.281250 0.686667 0.217500 0.626667
8 0.375350 0.906133 0.191825 0.187733
8 0.605375 0.852633 0.275600 0.294733
8 0.498250 0.780767 0.150800 0.319433
8 0.480675 0.540667 0.199875 0.439200
8 0.478425 0.386700 0.224325 0.471633
8 0.506950 0.195633 0.189250 0.307033
8 0.517450 0.103300 0.199725 0.206600
8 0.679875 0.131100 0.193000 0.262200
8 0.668125 0.323933 0.164225 0.303967
8 0.677500 0.685000 0.230000 0.630000
8 0.875900 0.750000 0.248200 0.500000
8 0.901325 0.433100 0.197350 0.420600
8 0.784125 0.564233 0.185700 0.819667
8 0.856225 0.240867 0.116725 0.267700
8 0.800375 0.072033 0.068225 0.144033
8 0.855300 0.126933 0.143825 0.239833
8 0.935275 0.045733 0.032750 0.091433
8 0.967500 0.128333 0.065000 0.256667