5 0.862500 0.042500 0.080000 0.085000
8 0.375000 0.327500 0.055000 0.295000
8 0.327500 0.285000 0.050000 0.270000
8 0.458750 0.587500 0.282500 0.825000
8 0.692500 0.610000 0.280000 0.780000
8 0.858750 0.595000 0.222500 0.810000
6 0.833750 0.382500 0.057500 0.095000
5 0.855000 0.227500 0.080000 0.095000
5 0.657500 0.312500 0.125000 0.165000
5 0.468750 0.260000 0.117500 0.150000
5 0.388750 0.195000 0.012500 0.020000
5 0.335000 0.162500 0.015000 0.025000
7 0.331250 0.225000 0.032500 0.090000
7 0.382500 0.280000 0.030000 0.110000
7 0.452500 0.785000 0.180000 0.430000
7 0.666250 0.820000 0.197500 0.360000
7 0.851250 0.710000 0.162500 0.580000
4 0.638750 0.560000 0.117500 0.230000
4 0.435000 0.475000 0.095000 0.190000