6 0.508156 0.597958 0.132547 0.109125
6 0.336125 0.350896 0.020266 0.017771
6 0.006250 0.440625 0.012500 0.039583
5 0.009828 0.369292 0.019641 0.044125
5 0.177813 0.267437 0.029156 0.024479
5 0.333984 0.313333 0.034219 0.025979
5 0.499016 0.288625 0.187172 0.139771
8 0.619484 0.329146 0.058313 0.106188
8 0.339109 0.435417 0.125172 0.273625
8 0.184672 0.389604 0.079313 0.282667
8 0.040625 0.475000 0.081250 0.258333
8 0.514063 0.609375 0.581250 0.781250
7 0.520312 0.810417 0.356250 0.379167
7 0.025453 0.512729 0.050906 0.101875
7 0.180156 0.403167 0.059859 0.153542
7 0.341469 0.368187 0.059578 0.052354
4 0.173844 0.302812 0.023828 0.018833