2 0.864844 0.271875 0.117188 0.103125
2 0.523438 0.156250 0.115625 0.103125
2 0.167187 0.142187 0.125000 0.106250
6 0.165625 0.255469 0.068750 0.057812
6 0.517188 0.274219 0.071875 0.064063
6 0.836719 0.398438 0.073437 0.062500
7 0.840625 0.543750 0.162500 0.284375
11 0.496875 0.484375 0.275000 0.446875
7 0.142187 0.477344 0.240625 0.448437
8 0.201563 0.539844 0.403125 0.920312
8 0.517188 0.546875 0.425000 0.906250
8 0.817969 0.596094 0.339063 0.807813
1 0.842969 0.742188 0.098438 0.137500
1 0.786719 0.735156 0.073438 0.142188