11 0.045161 0.600688 0.090321 0.229920
8 0.082188 0.679328 0.164376 0.641344
6 0.521049 0.410426 0.068224 0.034099
6 0.283734 0.443753 0.076160 0.027747
6 0.758627 0.355287 0.078909 0.033803
2 0.756211 0.274235 0.149899 0.073491
2 0.514129 0.335778 0.138635 0.070764
2 0.268237 0.379788 0.123801 0.065196
11 0.291759 0.578235 0.240797 0.229920
11 0.535161 0.533586 0.262510 0.219411
11 0.797780 0.500385 0.298316 0.259953
8 0.291624 0.663039 0.346931 0.650723
8 0.535810 0.630156 0.369273 0.683433
8 0.806063 0.589651 0.387874 0.727315