5 0.880063 0.206306 0.071641 0.079250
2 0.715875 0.195444 0.085297 0.093306
2 0.450906 0.113806 0.083984 0.092694
2 0.179969 0.134833 0.092375 0.095083
6 0.183359 0.247500 0.049859 0.050556
6 0.451047 0.231167 0.052453 0.057583
6 0.699344 0.323528 0.053625 0.055778
6 0.880625 0.322139 0.045953 0.053000
11 0.891172 0.458833 0.165500 0.346250
7 0.708781 0.467611 0.112891 0.268583
11 0.444969 0.442556 0.191844 0.420861
7 0.174984 0.469778 0.164828 0.427639
8 0.211156 0.543639 0.293375 0.912694
8 0.464078 0.533722 0.285313 0.932528
8 0.695312 0.566667 0.221875 0.866667
8 0.900000 0.580556 0.196875 0.838889
1 0.719031 0.664917 0.070047 0.127472
1 0.675641 0.663139 0.049672 0.135833