2 0.850531 0.321167 0.137156 0.167630
2 0.401719 0.436944 0.135687 0.173833
11 0.874479 0.772222 0.251042 0.455556
2 0.611917 0.079593 0.130375 0.152407
2 0.153313 0.082852 0.115094 0.149722
11 0.619125 0.546519 0.246646 0.599204
11 0.418125 0.840537 0.263646 0.318926
11 0.155771 0.527630 0.215781 0.483259
6 0.158521 0.243426 0.077760 0.071204
6 0.400417 0.628870 0.073125 0.076685
6 0.614896 0.243593 0.078479 0.079796
6 0.840792 0.515111 0.076573 0.091963
8 0.804031 0.620370 0.391937 0.759259
8 0.621031 0.502056 0.354625 0.995889
8 0.378125 0.676852 0.302083 0.646296
8 0.155198 0.505148 0.272500 0.989704