2 0.850000 0.320370 0.137500 0.166667
2 0.401042 0.436111 0.135417 0.172222
11 0.874479 0.771296 0.251042 0.457407
2 0.611458 0.078704 0.131250 0.153704
2 0.152604 0.082407 0.115625 0.150000
11 0.618229 0.545370 0.246875 0.598148
11 0.417187 0.839815 0.263542 0.320370
11 0.155208 0.526852 0.216667 0.483333
6 0.157812 0.242593 0.078125 0.070370
6 0.400000 0.627778 0.072917 0.077778
6 0.614062 0.242593 0.078125 0.081481
6 0.840104 0.513889 0.076042 0.090741
8 0.803646 0.620370 0.392708 0.759259
8 0.620313 0.501852 0.355208 0.996296
8 0.378125 0.676852 0.302083 0.646296
8 0.154688 0.504630 0.271875 0.990741