8 0.867708 0.614595 0.264583 0.770811
8 0.676736 0.647568 0.179861 0.572973
8 0.591319 0.384865 0.038194 0.088649
8 0.689583 0.398919 0.016667 0.054054
7 0.690278 0.410811 0.016667 0.030270
7 0.587153 0.401622 0.015972 0.031351
5 0.592708 0.349189 0.027083 0.025946
5 0.690972 0.387568 0.018056 0.018378
5 0.962153 0.274054 0.075694 0.094054
5 0.645833 0.400541 0.095833 0.081081
5 0.573264 0.466486 0.113194 0.091892
5 0.417361 0.345946 0.033333 0.032432
5 0.409375 0.445405 0.102083 0.082162
5 0.333681 0.316757 0.031250 0.025946
5 0.222569 0.225405 0.165972 0.150270
5 0.112847 0.391892 0.032639 0.035676
5 0.142014 0.375676 0.034028 0.055135
5 0.085069 0.377838 0.038194 0.029189
4 0.087847 0.414595 0.017361 0.020541
4 0.329167 0.361622 0.027778 0.035676
4 0.272222 0.398919 0.106944 0.155676
4 0.420486 0.384865 0.022917 0.023784
4 0.398611 0.529189 0.063889 0.078919
4 0.658333 0.490811 0.065278 0.086486
4 0.971875 0.452973 0.056250 0.131892
4 0.601736 0.578919 0.085417 0.109189
7 0.887500 0.729189 0.225000 0.541622
7 0.690625 0.699459 0.118750 0.350270
7 0.595486 0.820541 0.227083 0.358919
7 0.422569 0.750270 0.168750 0.393514
7 0.213889 0.710270 0.330556 0.579459
7 0.344097 0.428649 0.039583 0.065946
7 0.055208 0.437838 0.028472 0.036757