8 0.850000 0.574219 0.293750 0.845312
8 0.632812 0.589844 0.168750 0.589063
8 0.539844 0.317188 0.039062 0.084375
8 0.643750 0.325000 0.015625 0.053125
7 0.645312 0.336719 0.015625 0.029687
7 0.535937 0.334375 0.015625 0.028125
5 0.539844 0.282813 0.029687 0.025000
5 0.645312 0.314063 0.015625 0.015625
5 0.939844 0.183594 0.114062 0.089062
5 0.597656 0.328906 0.098437 0.073437
5 0.522656 0.402344 0.123437 0.092187
5 0.349219 0.288281 0.035938 0.029687
5 0.344531 0.390625 0.104687 0.081250
5 0.261719 0.264844 0.032813 0.023438
5 0.142969 0.178125 0.170312 0.143750
5 0.033594 0.350781 0.032813 0.032813
5 0.063281 0.334375 0.035938 0.053125
5 0.011719 0.339063 0.023438 0.028125
4 0.008594 0.375000 0.017188 0.018750
4 0.257812 0.309375 0.028125 0.034375
4 0.198437 0.352344 0.109375 0.154687
4 0.353125 0.328125 0.025000 0.021875
4 0.335156 0.482813 0.064063 0.087500
4 0.613281 0.422656 0.064062 0.092187
4 0.953125 0.363281 0.087500 0.129687
4 0.557031 0.526563 0.092187 0.118750
7 0.869531 0.686719 0.254687 0.617188
7 0.651563 0.641406 0.109375 0.360938
7 0.553125 0.799219 0.231250 0.385938
7 0.366406 0.714063 0.170312 0.400000
7 0.155469 0.689844 0.310937 0.614062
7 0.275000 0.375781 0.040625 0.067188