4 0.883375 0.135422 0.037792 0.052322
4 0.637325 0.097944 0.046558 0.044044
4 0.175267 0.178433 0.026225 0.045756
4 0.369992 0.178244 0.042333 0.045367
5 0.957625 0.088467 0.011508 0.013978
5 0.896392 0.088911 0.056200 0.033389
5 0.634358 0.041467 0.063592 0.045911
5 0.371925 0.123011 0.060692 0.038611
5 0.134742 0.102433 0.082275 0.053011
7 0.959775 0.119733 0.021100 0.039478
7 0.897217 0.262833 0.121208 0.192344
7 0.645867 0.272900 0.115575 0.275422
7 0.367008 0.312000 0.117742 0.212900
7 0.098883 0.341689 0.140108 0.324122
8 0.096275 0.566178 0.192550 0.743456
5 0.034975 0.237033 0.051242 0.055544
8 0.143494 0.537033 0.286987 0.925922
1 0.360117 0.413200 0.025975 0.037511
1 0.382542 0.409611 0.028342 0.045144
1 0.650633 0.332678 0.039383 0.046833
1 0.653250 0.345100 0.045267 0.071678
1 0.871950 0.406722 0.035633 0.048367
1 0.919442 0.394978 0.040658 0.056611
8 0.958483 0.128756 0.029225 0.098244
8 0.901733 0.389344 0.153842 0.645367
8 0.656292 0.352322 0.175292 0.675011
8 0.351325 0.412422 0.174108 0.621133