4 0.596833 0.536443 0.155917 0.086776
4 0.845370 0.489490 0.078602 0.065792
4 0.758972 0.431062 0.084722 0.070464
4 0.284620 0.476026 0.144546 0.052750
4 0.119130 0.465974 0.166889 0.060417
5 0.301398 0.587130 0.135676 0.028422
5 0.311324 0.382776 0.239278 0.078057
5 0.121861 0.357182 0.198454 0.078948
5 0.655454 0.422474 0.242380 0.081057
5 0.729787 0.346922 0.118398 0.061896
5 0.902278 0.356937 0.195435 0.074984
8 0.902157 0.470740 0.193417 0.299120
8 0.762824 0.384375 0.138750 0.136807
8 0.702241 0.553198 0.593250 0.345979
8 0.308185 0.409026 0.239380 0.147906
8 0.283796 0.518750 0.567593 0.409375