4 0.584844 0.233361 0.025156 0.036167
4 0.610516 0.239694 0.011555 0.011792
4 0.688469 0.324944 0.024922 0.052681
4 0.860531 0.234583 0.024555 0.031667
2 0.861625 0.194750 0.034078 0.049222
2 0.782758 0.189917 0.034266 0.048819
2 0.686953 0.279583 0.043578 0.068417
2 0.514602 0.264833 0.041938 0.071319
2 0.583258 0.180972 0.033531 0.049444
2 0.607859 0.207708 0.023383 0.042722
11 0.583102 0.277972 0.078109 0.079097
11 0.455672 0.384083 0.081672 0.198722
11 0.748375 0.386403 0.095219 0.187167
11 0.787758 0.331736 0.085461 0.165792
11 0.868383 0.314653 0.081773 0.159417
8 0.869750 0.387986 0.097266 0.438000
8 0.786211 0.397708 0.087258 0.469042
8 0.737273 0.476319 0.144766 0.466528
8 0.622422 0.255528 0.047648 0.133750
8 0.592133 0.239944 0.101719 0.172028
8 0.474648 0.434042 0.120539 0.412056