11 0.990365 0.610185 0.019271 0.064815
2 0.995313 0.576852 0.009375 0.016667
8 0.409375 0.700926 0.043750 0.092593
7 0.403385 0.695370 0.019271 0.037037
13 0.546875 0.579630 0.160417 0.331481
0 0.492448 0.538889 0.618229 0.922222
23 0.284896 0.477315 0.102083 0.110185
11 0.398958 0.446296 0.012500 0.038889
2 0.408073 0.426389 0.007812 0.010185
8 0.401562 0.460185 0.021875 0.083333
23 0.695312 0.389352 0.015625 0.062037
23 0.667188 0.392130 0.043750 0.076852
8 0.989583 0.624537 0.020833 0.115741
10 0.976823 0.667593 0.005729 0.035185
15 0.833333 0.325926 0.027083 0.051852
23 0.783594 0.280556 0.008854 0.012963
23 0.792708 0.305556 0.012500 0.020370
23 0.780208 0.311111 0.013542 0.022222