20 0.727834 0.592973 0.021864 0.034455
9 0.897890 0.531887 0.070520 0.095296
9 0.960006 0.518696 0.014209 0.064590
14 0.943755 0.520833 0.033379 0.159373
1 0.942585 0.425457 0.018174 0.050000
1 0.926756 0.425821 0.013726 0.042518
11 0.931005 0.316440 0.057528 0.153457
6 0.917963 0.262926 0.012521 0.033029
2 0.908516 0.226163 0.031408 0.063833
8 0.927764 0.320912 0.069329 0.264842
17 0.623642 0.619550 0.019154 0.030574
19 0.639397 0.607846 0.025684 0.044272
19 0.566065 0.641347 0.130276 0.152428
9 0.407798 0.631616 0.010008 0.038113
9 0.432835 0.644850 0.058824 0.083641
17 0.465690 0.654689 0.009898 0.038097
16 0.485978 0.646368 0.034566 0.053625
9 0.971391 0.517079 0.014209 0.064590
14 0.985469 0.514602 0.029062 0.159373
1 0.980265 0.420106 0.018174 0.050000
1 0.994531 0.415997 0.010938 0.042518
11 0.976599 0.309203 0.046802 0.153457
6 0.990060 0.252687 0.012521 0.033029
2 0.990200 0.213723 0.019600 0.063833
8 0.975448 0.312704 0.049104 0.264842