2 0.353159 0.028389 0.063196 0.056778
2 0.499558 0.029476 0.069246 0.058952
1 0.512512 0.547639 0.035519 0.048611
1 0.436225 0.516740 0.032267 0.032547
1 0.377247 0.540392 0.042989 0.040482
6 0.513895 0.318464 0.014494 0.036133
6 0.378308 0.384461 0.029485 0.029645
2 0.374864 0.323203 0.063196 0.071227
2 0.517495 0.264171 0.069246 0.088796
11 0.551349 0.430619 0.121755 0.250948
11 0.367928 0.477504 0.117631 0.214945
8 0.564925 0.531850 0.183279 0.656782
8 0.383166 0.549374 0.173080 0.538459