3 0.964266 0.819611 0.071469 0.073569
20 0.597508 0.504250 0.092227 0.076667
22 0.456437 0.513722 0.199281 0.123417
2 0.347625 0.321708 0.028531 0.042403
2 0.507602 0.283806 0.053039 0.067597
1 0.531719 0.190556 0.025984 0.045236
1 0.456430 0.197181 0.047281 0.033264
1 0.330000 0.247583 0.014594 0.033042
1 0.281703 0.427958 0.017430 0.030167
11 0.330625 0.450444 0.062711 0.148361
11 0.501266 0.493292 0.100016 0.261847
6 0.341805 0.359250 0.023242 0.024056
8 0.492867 0.566569 0.125719 0.799819
8 0.319523 0.517806 0.089797 0.575722