8 0.311719 0.663281 0.020313 0.026562
11 0.307031 0.665625 0.007812 0.018750
15 0.332813 0.681250 0.200000 0.293750
18 0.087500 0.277344 0.165625 0.145312
23 0.221094 0.308594 0.120312 0.064063
23 0.322656 0.298438 0.101562 0.059375
23 0.675000 0.303906 0.078125 0.054688
23 0.621094 0.308594 0.104688 0.064063
12 0.900781 0.257812 0.192187 0.106250
15 0.650000 0.392969 0.075000 0.092188
0 0.514062 0.392188 0.540625 0.434375
2 0.966406 0.341406 0.007812 0.007812
2 0.928906 0.310937 0.007812 0.009375
7 0.900781 0.352344 0.017188 0.035938
5 0.901563 0.321094 0.009375 0.010937
8 0.904688 0.350781 0.025000 0.070312
11 0.933594 0.335938 0.020312 0.031250
11 0.954688 0.354688 0.015625 0.018750
8 0.956250 0.351562 0.025000 0.028125
8 0.935156 0.336719 0.023438 0.064063
11 0.913281 0.370312 0.010937 0.015625
8 0.914844 0.363281 0.014062 0.029687