20 0.710844 0.566375 0.024664 0.030889
9 0.917969 0.530444 0.080414 0.084028
9 0.993133 0.526194 0.013727 0.061653
14 0.973539 0.526028 0.031828 0.152361
1 0.977273 0.433083 0.019336 0.046722
1 0.958281 0.431250 0.014344 0.039972
11 0.969266 0.325431 0.061469 0.143153
6 0.956516 0.271569 0.013398 0.030792
2 0.947172 0.234500 0.034648 0.058500
8 0.965141 0.329333 0.069719 0.251250
17 0.584523 0.577833 0.021586 0.027444
19 0.604039 0.568625 0.028766 0.040028
19 0.514336 0.591083 0.149844 0.131958
9 0.325156 0.559750 0.010070 0.036153
9 0.354453 0.576083 0.066852 0.074181
17 0.393305 0.590194 0.009938 0.036153
16 0.418070 0.584903 0.039039 0.048000