20 0.014063 0.026389 0.028125 0.052778
2 0.172266 0.036806 0.046094 0.073611
10 0.287500 0.369444 0.014063 0.044444
20 0.037891 0.399306 0.055469 0.079167
19 0.412500 0.328472 0.142187 0.201389
22 0.657813 0.234722 0.289062 0.316667
22 0.878516 0.181944 0.242969 0.330556
20 0.941406 0.454167 0.117188 0.675000
1 0.163672 0.481944 0.016406 0.022222
11 0.204297 0.400000 0.094531 0.180556
2 0.195703 0.279167 0.046094 0.080556
6 0.199609 0.326389 0.027344 0.025000
8 0.211719 0.480556 0.156250 0.508333