20 0.369531 0.503906 0.123438 0.076563
22 0.557813 0.513281 0.265625 0.123437
2 0.702344 0.321094 0.039062 0.042187
2 0.489063 0.283594 0.071875 0.067188
1 0.457031 0.189844 0.035937 0.045313
1 0.557813 0.196094 0.062500 0.032812
1 0.725781 0.246875 0.020313 0.034375
1 0.789844 0.427344 0.023438 0.029688
11 0.725000 0.449219 0.084375 0.148438
11 0.497656 0.492188 0.132812 0.262500
6 0.710156 0.358594 0.029687 0.023438
8 0.508594 0.565625 0.167187 0.800000
8 0.739844 0.517188 0.120313 0.575000