11 0.285806 0.415352 0.017736 0.027278
2 0.283771 0.393852 0.006854 0.008491
8 0.283306 0.429722 0.024160 0.079611
8 0.749410 0.289472 0.007021 0.023389
15 0.741444 0.291889 0.077257 0.095556
23 0.704222 0.317046 0.028729 0.034556
23 0.655667 0.337778 0.058139 0.067926
11 0.731958 0.326639 0.008854 0.017870
8 0.731833 0.334796 0.009632 0.049769
13 0.486958 0.538778 0.206125 0.301630
8 0.374542 0.639546 0.051139 0.087287
0 0.356368 0.492130 0.702910 0.854630
15 0.894035 0.236824 0.024257 0.037148
23 0.813604 0.215500 0.011187 0.014880
23 0.837792 0.206130 0.006042 0.008120
23 0.839486 0.218250 0.012049 0.013852
23 0.838118 0.233343 0.017243 0.016806
23 0.824701 0.239759 0.017111 0.020926
23 0.811132 0.251713 0.019333 0.020852
23 0.791479 0.244667 0.017389 0.017120