11 0.431283 0.073497 0.041988 0.027342
8 0.427251 0.046771 0.122455 0.093543
3 0.499643 0.488972 0.201698 0.852492
11 0.432373 0.093949 0.041988 0.027342
8 0.434761 0.154306 0.122455 0.160253
11 0.203647 0.564913 0.118803 0.317289
11 0.617692 0.578734 0.169228 0.223234
2 0.490509 0.543869 0.075350 0.131771
2 0.230465 0.345231 0.084338 0.110828
6 0.231785 0.418288 0.027050 0.035676
6 0.524310 0.588739 0.021958 0.033584
8 0.596896 0.678812 0.290986 0.466553
8 0.222238 0.623931 0.157866 0.673542