23 0.733984 0.562500 0.030469 0.030556
23 0.669531 0.538889 0.028125 0.027778
23 0.696094 0.552083 0.025000 0.023611
15 0.433203 0.525000 0.025781 0.030556
23 0.458984 0.536806 0.027344 0.029167
15 0.009766 0.559028 0.019531 0.054167
23 0.083594 0.477083 0.014062 0.015278
1 0.412891 0.679861 0.007031 0.023611
6 0.403125 0.590972 0.007812 0.009722
2 0.402344 0.572222 0.017188 0.033333
8 0.409766 0.668750 0.032031 0.226389
7 0.533594 0.559028 0.021875 0.056944
2 0.534766 0.515278 0.013281 0.022222
8 0.535547 0.600694 0.033594 0.195833