23 0.953813 0.632194 0.092375 0.225917
15 0.875531 0.840278 0.236469 0.319444
3 0.760453 0.437208 0.060562 0.353181
3 0.604570 0.680111 0.147141 0.574278
3 0.477891 0.838236 0.091664 0.323528
2 0.704016 0.878264 0.010914 0.024486
11 0.707695 0.897625 0.017805 0.051778
8 0.706195 0.915944 0.025859 0.100681
2 0.384898 0.441417 0.016367 0.029222
1 0.401742 0.461389 0.006320 0.010611
8 0.386203 0.451167 0.035297 0.068236
7 0.380437 0.435167 0.018109 0.035500
2 0.810508 0.473722 0.008945 0.013333
11 0.807234 0.499194 0.016570 0.034556
8 0.807109 0.514667 0.026992 0.098458
6 0.809109 0.484542 0.004836 0.005264
2 0.983836 0.466556 0.007484 0.011292
8 0.974766 0.483403 0.025984 0.044333
7 0.971125 0.478361 0.015828 0.023278