1 0.606250 0.014844 0.034375 0.029687
1 0.657812 0.018750 0.037500 0.037500
23 0.503906 0.548437 0.129687 0.115625
23 0.746094 0.553906 0.129687 0.073437
3 0.594531 0.764844 0.210937 0.135937
11 0.631250 0.521094 0.143750 0.204687
11 0.309375 0.475781 0.100000 0.129688
1 0.314844 0.491406 0.045313 0.032813
1 0.325781 0.291406 0.014063 0.023438
1 0.596875 0.220313 0.037500 0.037500
1 0.646875 0.231250 0.037500 0.059375
6 0.639844 0.406250 0.042187 0.037500
6 0.300000 0.389062 0.012500 0.021875
2 0.325000 0.361719 0.071875 0.060938
2 0.635938 0.349219 0.056250 0.051563
8 0.608594 0.571875 0.198437 0.756250
8 0.316406 0.540625 0.132812 0.531250