2 0.128198 0.977181 0.048104 0.045639
1 0.169594 0.689208 0.017677 0.022264
1 0.147885 0.637639 0.021667 0.023306
6 0.170469 0.612556 0.012208 0.026708
2 0.189281 0.602736 0.023698 0.043750
2 0.752479 0.199056 0.034667 0.033042
2 0.383042 0.230375 0.033958 0.038125
11 0.138635 0.642931 0.067135 0.116403
8 0.152469 0.719708 0.095719 0.279680
1 0.411292 0.351819 0.018698 0.038375
1 0.363146 0.356292 0.010833 0.034806
11 0.392406 0.300403 0.047094 0.085542
6 0.383990 0.260375 0.013927 0.013819
8 0.392438 0.347764 0.067875 0.276083
1 0.727708 0.357944 0.013062 0.031375
1 0.758646 0.330931 0.020375 0.028931
6 0.753854 0.230639 0.014333 0.015847
11 0.758281 0.285042 0.052365 0.114722
8 0.759333 0.323653 0.075896 0.282722