3 0.035937 0.812500 0.071875 0.077778
23 0.536328 0.509722 0.078906 0.127778
23 0.377344 0.495833 0.082813 0.077778
3 0.470703 0.748611 0.135156 0.136111
11 0.455078 0.459722 0.089844 0.233333
11 0.655469 0.438194 0.053125 0.151389
1 0.651172 0.458333 0.024219 0.036111
1 0.651172 0.225000 0.008594 0.025000
1 0.488281 0.122222 0.020312 0.036111
1 0.454297 0.129167 0.024219 0.058333
6 0.454688 0.322917 0.028125 0.040278
6 0.662891 0.335417 0.005469 0.023611
2 0.650000 0.302083 0.039062 0.062500
2 0.459375 0.259722 0.037500 0.052778
8 0.466797 0.527083 0.108594 0.854167
8 0.649219 0.513194 0.059375 0.606944