2 0.141406 0.455556 0.067187 0.066667
2 0.264062 0.453472 0.026562 0.034722
2 0.324219 0.538889 0.029687 0.055556
6 0.267578 0.492361 0.017969 0.018056
6 0.151562 0.520139 0.018750 0.026389
1 0.294141 0.605556 0.008594 0.036111
3 0.188281 0.302083 0.100000 0.604167
7 0.330469 0.622917 0.040625 0.098611
7 0.268359 0.539583 0.041406 0.087500
7 0.114062 0.627083 0.067187 0.190278
6 0.315234 0.567361 0.010156 0.012500
8 0.303906 0.665972 0.115625 0.306944
8 0.261719 0.577083 0.070312 0.284722
8 0.137891 0.643750 0.116406 0.437500