11 0.507812 0.096094 0.075000 0.054688
8 0.502344 0.065625 0.185938 0.131250
11 0.503125 0.134375 0.075000 0.053125
8 0.483594 0.182031 0.185937 0.179687
6 0.227344 0.328906 0.029688 0.032813
6 0.555469 0.648438 0.020313 0.028125
2 0.235156 0.269531 0.098437 0.104688
2 0.522656 0.603906 0.092187 0.129687
11 0.642187 0.635156 0.196875 0.198438
11 0.165625 0.435937 0.153125 0.287500
8 0.167188 0.483594 0.200000 0.564063
8 0.614062 0.703125 0.312500 0.368750
3 0.533594 0.482031 0.279688 0.742188