3 0.167828 0.419667 0.165203 0.839333
8 0.447867 0.632611 0.110727 0.445778
8 0.317234 0.657931 0.124016 0.305944
8 0.275617 0.567542 0.078727 0.297792
1 0.308555 0.596500 0.011070 0.036139
7 0.285508 0.522917 0.040344 0.094861
7 0.348766 0.613236 0.045531 0.084319
7 0.424820 0.593486 0.059781 0.175542
6 0.280242 0.475319 0.017875 0.016014
6 0.324641 0.560278 0.008320 0.011083
6 0.455016 0.497556 0.016320 0.029417
2 0.277945 0.436944 0.029820 0.035667
2 0.332648 0.532778 0.039961 0.054125
2 0.446219 0.439986 0.059375 0.061333