15 0.266828 0.907194 0.112125 0.185611
15 0.623078 0.584056 0.703266 0.818111
8 0.734258 0.591639 0.016445 0.051486
11 0.734359 0.594819 0.014789 0.029986
11 0.177414 0.494792 0.021250 0.047764
11 0.010938 0.515972 0.021875 0.031944
11 0.042344 0.541514 0.024555 0.040556
2 0.017609 0.531097 0.010625 0.017583
2 0.031156 0.516069 0.010750 0.016139
2 0.165930 0.462819 0.008609 0.012542
8 0.175164 0.502792 0.031617 0.094250
1 0.027617 0.534736 0.003594 0.007514
8 0.014406 0.527847 0.028813 0.056750
8 0.046562 0.541861 0.041016 0.067333
2 0.118125 0.155000 0.011469 0.012264
11 0.125430 0.184486 0.018422 0.038750
8 0.126094 0.205014 0.027875 0.113847