3 0.037562 0.808417 0.075125 0.076903
23 0.548469 0.509708 0.076211 0.130528
23 0.391391 0.494611 0.084898 0.079486
3 0.484000 0.745208 0.132031 0.131278
11 0.469258 0.461472 0.087859 0.236444
11 0.668523 0.438250 0.056523 0.154278
1 0.664414 0.457569 0.025672 0.036167
1 0.664289 0.225778 0.009188 0.024875
1 0.501609 0.123306 0.020922 0.036819
1 0.467922 0.131097 0.023570 0.059819
6 0.468437 0.323986 0.027000 0.038806
6 0.676789 0.335014 0.006508 0.023194
2 0.662766 0.302958 0.041242 0.060278
2 0.472875 0.260806 0.037094 0.051361
8 0.480414 0.528042 0.106406 0.852375
8 0.662094 0.511292 0.063352 0.598986