23 0.042188 0.609722 0.084375 0.233333
15 0.116016 0.828472 0.221094 0.337500
3 0.223047 0.416667 0.061719 0.347222
3 0.382812 0.663889 0.150000 0.597222
3 0.512109 0.826389 0.092969 0.341667
2 0.281250 0.866667 0.010938 0.025000
11 0.277344 0.887500 0.018750 0.055556
8 0.278906 0.907639 0.026562 0.109722
2 0.606641 0.411806 0.017969 0.031944
1 0.589063 0.432639 0.006250 0.012500
8 0.605469 0.422222 0.037500 0.069444
7 0.611719 0.406250 0.020312 0.034722
2 0.173437 0.445833 0.007812 0.013889
11 0.176953 0.472222 0.014844 0.036111
8 0.176953 0.488194 0.024219 0.101389
6 0.175000 0.456944 0.004687 0.005556
2 0.014844 0.438889 0.006250 0.011111
8 0.023438 0.456250 0.023438 0.045833
7 0.026562 0.450694 0.014062 0.023611