2 0.060708 0.228347 0.029781 0.020931
2 0.201604 0.186833 0.021219 0.026431
2 0.833990 0.101528 0.024250 0.031583
2 0.725250 0.089111 0.029438 0.027181
11 0.829552 0.147264 0.031031 0.058403
11 0.739219 0.165417 0.063896 0.096458
1 0.706021 0.251236 0.014417 0.028514
1 0.800406 0.148792 0.013083 0.014583
1 0.798969 0.114000 0.013969 0.021403
1 0.195104 0.249819 0.008208 0.013528
1 0.185396 0.255611 0.009646 0.016444
1 0.088063 0.333306 0.010292 0.020778
11 0.050083 0.287819 0.041083 0.072181
11 0.166646 0.220750 0.055458 0.063042
8 0.175563 0.251347 0.074615 0.157208
8 0.074573 0.330208 0.090083 0.228111
8 0.754333 0.227125 0.105844 0.301472
8 0.823802 0.163514 0.060979 0.156028