20 0.658984 0.572222 0.107031 0.080556
22 0.500000 0.551389 0.229688 0.141667
2 0.387109 0.371528 0.033594 0.040278
2 0.567969 0.372222 0.062500 0.066667
1 0.599219 0.300000 0.031250 0.041667
1 0.514844 0.290278 0.054688 0.036111
1 0.370703 0.306944 0.017969 0.030556
1 0.308203 0.446528 0.021094 0.029167
11 0.362109 0.474306 0.077344 0.134722
11 0.551172 0.544444 0.124219 0.236111
6 0.378516 0.401389 0.027344 0.025000
8 0.538281 0.602778 0.178125 0.686111
8 0.346484 0.527778 0.127344 0.494444