23 0.951953 0.615278 0.092969 0.225000
15 0.874609 0.830556 0.236719 0.333333
3 0.759766 0.422917 0.053906 0.348611
3 0.615234 0.669444 0.139844 0.586111
3 0.489844 0.828472 0.093750 0.337500
2 0.708594 0.865278 0.009375 0.025000
11 0.711719 0.886806 0.015625 0.056944
8 0.710156 0.906944 0.023438 0.111111
2 0.393750 0.424306 0.017188 0.029167
1 0.411719 0.444444 0.006250 0.011111
8 0.395313 0.433333 0.037500 0.069444
7 0.389062 0.418750 0.018750 0.034722
2 0.806641 0.456944 0.008594 0.013889
11 0.803125 0.482639 0.017188 0.034722
8 0.803125 0.497917 0.026563 0.098611
6 0.805469 0.468056 0.004688 0.005556
2 0.983203 0.450000 0.007031 0.011111
8 0.973437 0.466667 0.026562 0.044444
7 0.969922 0.461806 0.016406 0.023611