11 0.701562 0.421875 0.018750 0.028125
2 0.703906 0.399219 0.007812 0.010937
8 0.703906 0.435156 0.023438 0.079687
8 0.245312 0.298438 0.009375 0.021875
15 0.253125 0.300000 0.078125 0.090625
23 0.291406 0.324219 0.029688 0.032813
23 0.342187 0.343750 0.059375 0.065625
11 0.263281 0.333594 0.007812 0.017187
8 0.264062 0.341406 0.009375 0.048437
13 0.505469 0.545313 0.192188 0.306250
8 0.610937 0.647656 0.053125 0.089062
0 0.640625 0.495312 0.706250 0.853125
15 0.102344 0.247656 0.023438 0.032812
23 0.178906 0.227344 0.010938 0.014063
23 0.156250 0.218750 0.006250 0.009375
23 0.154688 0.229687 0.012500 0.012500
23 0.155469 0.244531 0.017187 0.017187
23 0.168750 0.250781 0.015625 0.020312
23 0.181250 0.261719 0.018750 0.020312
23 0.201563 0.255469 0.018750 0.017187