3 0.034766 0.796528 0.069531 0.079167
23 0.530469 0.497917 0.071875 0.143056
23 0.380078 0.481944 0.085156 0.086111
3 0.469922 0.734028 0.124219 0.123611
11 0.456250 0.450000 0.082813 0.247222
11 0.649219 0.423611 0.059375 0.161111
1 0.644922 0.440278 0.027344 0.038889
1 0.644531 0.215972 0.009375 0.023611
1 0.486719 0.116667 0.018750 0.033333
1 0.454688 0.124306 0.021875 0.056944
6 0.455469 0.306944 0.025000 0.038889
6 0.657812 0.318056 0.006250 0.022222
2 0.642969 0.287500 0.043750 0.058333
2 0.460156 0.247222 0.034375 0.047222
8 0.466797 0.522917 0.099219 0.854167
8 0.642578 0.498611 0.066406 0.594444