23 0.786576 0.023712 0.010726 0.015282
23 0.797654 0.021294 0.011504 0.016809
23 0.804544 0.020024 0.013992 0.016983
23 0.812062 0.018715 0.013818 0.015001
23 0.819894 0.016285 0.011760 0.015858
23 0.831307 0.014422 0.018395 0.018523
23 0.887852 0.011641 0.039573 0.023283
23 0.912919 0.010323 0.042572 0.020646
23 0.929660 0.007285 0.042109 0.014570
13 0.319670 0.350827 0.166961 0.166330
23 0.474068 0.173580 0.020836 0.031753
23 0.495706 0.174578 0.022095 0.028444
23 0.517383 0.171721 0.021578 0.033862
23 0.538337 0.170645 0.022307 0.029949
23 0.568481 0.169121 0.023641 0.030443
23 0.590684 0.169206 0.021311 0.030017
23 0.611477 0.169357 0.022466 0.029706
23 0.633219 0.168831 0.022445 0.029214
23 0.651112 0.168003 0.022143 0.029155
23 0.668350 0.167032 0.021547 0.028423
23 0.682515 0.166222 0.021652 0.030390
23 0.699701 0.167270 0.025181 0.030226
23 0.718845 0.166364 0.024396 0.031186
23 0.828802 0.145303 0.026167 0.029734
23 0.785034 0.089878 0.010726 0.015282
23 0.795962 0.093917 0.011504 0.016809
23 0.802769 0.096195 0.013992 0.016983
23 0.810200 0.098605 0.013818 0.015001
23 0.817892 0.102179 0.011760 0.015858
23 0.829180 0.105714 0.018395 0.018523
23 0.884927 0.126943 0.039573 0.043639
23 0.909673 0.135687 0.042572 0.048515
23 0.926171 0.142112 0.042109 0.044316
14 0.730945 0.255924 0.005165 0.024502
10 0.310259 0.200611 0.010967 0.007847
8 0.639990 0.542805 0.010240 0.038435
13 0.572750 0.514839 0.096419 0.246805
0 0.611489 0.476165 0.499657 0.771053