22 0.222341 0.682072 0.246800 0.199898
20 0.057048 0.721588 0.114096 0.114338
1 0.472165 0.374478 0.023248 0.038476
1 0.434210 0.385633 0.027375 0.054612
1 0.382719 0.308542 0.039921 0.051308
1 0.437938 0.317836 0.042451 0.027259
2 0.375849 0.429687 0.070614 0.106375
6 0.410974 0.454665 0.026723 0.062804
2 0.465893 0.437031 0.034677 0.051864
11 0.469482 0.552390 0.070959 0.168552
11 0.419795 0.624136 0.140016 0.293503
8 0.421316 0.638189 0.183941 0.723623
8 0.470914 0.615570 0.124509 0.536128