4 0.608844 0.372708 0.080711 0.195819
0 0.147953 0.361750 0.295898 0.723500
4 0.912648 0.270153 0.049922 0.161347
2 0.918930 0.104889 0.156234 0.183486
2 0.575219 0.209069 0.156039 0.280736
2 0.414375 0.533458 0.142664 0.267306
11 0.418703 0.626792 0.390156 0.239681
11 0.800977 0.508639 0.393547 0.586708
11 0.936586 0.525806 0.126820 0.466306
8 0.920406 0.383097 0.159188 0.748319
8 0.747656 0.431944 0.504688 0.736111
8 0.411391 0.597861 0.409016 0.404069
4 0.408594 0.677986 0.060844 0.043361