11 0.673223 0.108504 0.064672 0.050278
8 0.687215 0.070919 0.159492 0.141837
11 0.671330 0.149660 0.064672 0.050278
8 0.680315 0.205789 0.159492 0.172248
6 0.879683 0.449104 0.025113 0.031196
6 0.543221 0.655433 0.016109 0.028541
2 0.882200 0.385324 0.083911 0.102120
2 0.578675 0.622065 0.075998 0.129587
11 0.470182 0.610030 0.168128 0.193270
11 0.915660 0.580721 0.120920 0.292847
8 0.906646 0.628715 0.144821 0.586001
8 0.483419 0.688942 0.261767 0.362237
3 0.588924 0.493192 0.204713 0.772201