2 0.140182 0.381652 0.090028 0.089841
2 0.293231 0.420071 0.037032 0.042430
2 0.361964 0.526459 0.043095 0.065081
6 0.294423 0.459170 0.023423 0.024380
6 0.147588 0.449878 0.025288 0.033302
1 0.318247 0.582246 0.013522 0.037629
3 0.209898 0.281013 0.170836 0.562025
7 0.362575 0.611092 0.059706 0.108904
7 0.291534 0.507839 0.058578 0.102103
7 0.092122 0.543670 0.099391 0.211136
6 0.348277 0.551423 0.013505 0.015618
8 0.325946 0.644712 0.170686 0.339599
8 0.280331 0.542352 0.112374 0.306533
8 0.120690 0.565757 0.180675 0.469464