1 0.310156 0.753472 0.012500 0.023611
1 0.293750 0.698611 0.015625 0.025000
6 0.310156 0.672222 0.009375 0.027778
2 0.323828 0.661806 0.017969 0.045833
2 0.731641 0.229861 0.025781 0.034722
2 0.462500 0.268750 0.025000 0.040278
11 0.287109 0.704861 0.049219 0.123611
8 0.297656 0.784722 0.071875 0.294444
1 0.483594 0.395139 0.014062 0.040278
1 0.448828 0.400694 0.008594 0.037500
11 0.469922 0.341667 0.035156 0.091667
6 0.463672 0.300000 0.010156 0.013889
8 0.470313 0.390972 0.051563 0.290278
1 0.714453 0.397222 0.010156 0.033333
1 0.737109 0.368056 0.014844 0.030556
6 0.732812 0.262500 0.010938 0.016667
11 0.736719 0.320139 0.039062 0.120833
8 0.737500 0.360417 0.057812 0.298611