2 0.778516 0.977083 0.036719 0.045833
1 0.747266 0.688889 0.013281 0.022222
1 0.763672 0.636806 0.016406 0.023611
6 0.746875 0.611806 0.009375 0.026389
2 0.732422 0.602083 0.017969 0.043056
2 0.310156 0.198611 0.026562 0.033333
2 0.587109 0.229861 0.025781 0.037500
11 0.770703 0.642361 0.050781 0.115278
8 0.760156 0.718750 0.071875 0.279167
1 0.566406 0.351389 0.014063 0.038889
1 0.602344 0.356250 0.007812 0.034722
11 0.580078 0.300000 0.035156 0.086111
6 0.586719 0.259722 0.010937 0.013889
8 0.580078 0.347222 0.050781 0.275000
1 0.328906 0.357639 0.009375 0.031944
1 0.305469 0.329861 0.015625 0.029167
6 0.309375 0.229861 0.010937 0.015278
11 0.305859 0.284028 0.039844 0.115278
8 0.305078 0.322917 0.057031 0.281944