4 0.636998 0.242518 0.029905 0.043274
4 0.666426 0.246643 0.013564 0.014494
4 0.758136 0.332886 0.030227 0.061687
4 0.950631 0.212229 0.029060 0.038180
2 0.950454 0.167624 0.040519 0.058876
2 0.860572 0.171282 0.040718 0.058448
2 0.754794 0.282408 0.052009 0.081400
2 0.558222 0.285727 0.050247 0.084453
2 0.633326 0.184201 0.039904 0.059062
2 0.662263 0.211231 0.028121 0.050390
11 0.636608 0.292533 0.091669 0.097292
11 0.495444 0.425652 0.099987 0.231279
11 0.828470 0.394634 0.114984 0.219931
11 0.871317 0.329069 0.103123 0.194942
11 0.956533 0.300736 0.086933 0.187400
8 0.951729 0.382466 0.096542 0.500257
8 0.871910 0.402914 0.115982 0.533770
8 0.819049 0.496314 0.181306 0.537566
8 0.680533 0.262956 0.058969 0.154822
8 0.645524 0.249033 0.121838 0.203773
8 0.518811 0.479259 0.151806 0.473958