2 0.778852 0.977181 0.036078 0.045639
1 0.747805 0.689208 0.013258 0.022264
1 0.764086 0.637639 0.016250 0.023306
6 0.747148 0.612556 0.009156 0.026708
2 0.733039 0.602736 0.017773 0.043750
2 0.310641 0.199056 0.026000 0.033042
2 0.587719 0.230375 0.025469 0.038125
11 0.771023 0.642931 0.050352 0.116403
8 0.760648 0.719708 0.071789 0.279680
1 0.566531 0.351819 0.014023 0.038375
1 0.602641 0.356292 0.008125 0.034806
11 0.580695 0.300403 0.035320 0.085542
6 0.587008 0.260375 0.010445 0.013819
8 0.580672 0.347764 0.050906 0.276083
1 0.329219 0.357944 0.009797 0.031375
1 0.306016 0.330931 0.015281 0.028931
6 0.309609 0.230639 0.010750 0.015847
11 0.306289 0.285042 0.039273 0.114722
8 0.305500 0.323653 0.056922 0.282722