13 0.903299 0.038340 0.193402 0.076679
23 0.708388 0.074628 0.028756 0.031412
23 0.679797 0.066787 0.030277 0.029261
23 0.650996 0.061978 0.029821 0.033289
23 0.623225 0.055998 0.030620 0.030496
23 0.583275 0.047376 0.032396 0.031314
23 0.553899 0.040072 0.029310 0.030222
23 0.526391 0.033176 0.030818 0.030359
23 0.497600 0.026504 0.030771 0.029972
23 0.473889 0.021327 0.030370 0.029827
23 0.451040 0.016475 0.029555 0.029065
23 0.432263 0.013905 0.029775 0.027809
23 0.409564 0.010947 0.034416 0.021893
23 0.384196 0.008306 0.033422 0.016613
23 0.293464 0.039384 0.014759 0.015346
23 0.279169 0.032632 0.015847 0.016784
23 0.270255 0.028613 0.019132 0.017732
23 0.260522 0.024287 0.018821 0.016140
23 0.250491 0.018958 0.016145 0.016130
23 0.235700 0.012486 0.024994 0.020365
10 0.926257 0.106670 0.014769 0.009665
13 0.872776 0.497811 0.226785 0.183454
23 0.688294 0.292891 0.028756 0.031412
23 0.659790 0.284120 0.030277 0.029261
23 0.631629 0.272355 0.029821 0.033289
23 0.604234 0.262284 0.030620 0.030496
23 0.564822 0.247815 0.032396 0.031314
23 0.535669 0.238089 0.029310 0.030222
23 0.508360 0.229036 0.030818 0.030359
23 0.479875 0.219043 0.030771 0.029972
23 0.456473 0.210513 0.030370 0.029827
23 0.433945 0.202161 0.029555 0.029065
23 0.415435 0.195289 0.029775 0.030624
23 0.392768 0.188520 0.034416 0.031651
23 0.367732 0.179378 0.033422 0.032138
23 0.225560 0.114630 0.035695 0.031592
23 0.288698 0.091144 0.014759 0.015346
23 0.273939 0.089442 0.015847 0.016784
23 0.264770 0.088199 0.019132 0.017732
23 0.254768 0.086783 0.018821 0.016140
23 0.244305 0.086150 0.016145 0.016130
23 0.229125 0.083901 0.024994 0.020365
23 0.153771 0.075706 0.053927 0.046748
23 0.120392 0.071544 0.058078 0.051506
23 0.098076 0.069228 0.057295 0.048102
14 0.342659 0.243182 0.007816 0.020670
10 0.900542 0.385996 0.014769 0.009665
8 0.432614 0.504761 0.015075 0.033123
13 0.523745 0.512823 0.137197 0.222722
0 0.476863 0.465885 0.689984 0.760715