1 0.354253 0.775972 0.011123 0.025874
1 0.340106 0.718157 0.013554 0.027191
6 0.353242 0.688916 0.007910 0.030735
2 0.364406 0.677132 0.015191 0.050471
2 0.696439 0.199802 0.021601 0.038684
2 0.473948 0.247836 0.021275 0.044431
11 0.334626 0.724477 0.042884 0.134423
8 0.344523 0.811178 0.063427 0.320762
1 0.493449 0.384762 0.012063 0.044200
1 0.464461 0.391465 0.007242 0.039882
11 0.481010 0.327024 0.030160 0.098708
6 0.475123 0.281864 0.008689 0.016160
8 0.481980 0.380794 0.046538 0.315738
1 0.684670 0.381030 0.008519 0.036062
1 0.702812 0.349316 0.012886 0.033534
6 0.697904 0.235613 0.008975 0.018476
11 0.701670 0.297229 0.033930 0.132016
8 0.703081 0.341030 0.051516 0.323546