20 0.051172 0.530556 0.033594 0.083333
23 0.063672 0.547917 0.019531 0.098611
2 0.497266 0.314583 0.044531 0.087500
2 0.337500 0.319444 0.053125 0.069444
2 0.389062 0.427083 0.017187 0.040278
20 0.092578 0.525000 0.033594 0.083333
23 0.081641 0.545833 0.019531 0.100000
2 0.673047 0.487500 0.022656 0.041667
2 0.774609 0.297917 0.014844 0.026389
1 0.778516 0.431250 0.011719 0.031944
1 0.687500 0.608333 0.009375 0.022222
2 0.545703 0.525694 0.016406 0.034722
7 0.534375 0.557639 0.017188 0.054167
7 0.675781 0.541667 0.037500 0.080556
7 0.789844 0.374306 0.028125 0.095833
7 0.478125 0.462500 0.065625 0.180556
7 0.379297 0.480556 0.013281 0.041667
8 0.539844 0.545139 0.031250 0.073611
8 0.672656 0.545139 0.062500 0.159722
8 0.785547 0.427083 0.044531 0.281944
6 0.773438 0.329861 0.009375 0.018056
6 0.673828 0.525000 0.010156 0.016667
6 0.492188 0.370833 0.020312 0.030556
6 0.340625 0.388889 0.029687 0.038889
8 0.490625 0.567361 0.106250 0.598611
8 0.385938 0.465972 0.028125 0.118056
8 0.336719 0.603472 0.128125 0.648611
1 0.382422 0.611111 0.017969 0.069444
1 0.300781 0.637500 0.023438 0.069444
11 0.327734 0.510417 0.108594 0.262500