13 0.767578 0.321565 0.186354 0.151361
23 0.596458 0.136852 0.022964 0.029694
23 0.571792 0.136269 0.024490 0.026352
23 0.547182 0.131907 0.023755 0.031713
23 0.523349 0.129343 0.024693 0.027815
23 0.489062 0.125676 0.026203 0.028204
23 0.463776 0.124157 0.023552 0.027954
23 0.440094 0.122806 0.024880 0.027565
23 0.415349 0.120722 0.024870 0.027083
23 0.394995 0.118620 0.024526 0.027046
23 0.375391 0.116426 0.023865 0.026370
23 0.359281 0.114611 0.023932 0.028296
23 0.339682 0.114398 0.027969 0.027880
23 0.317906 0.112130 0.027047 0.028880
23 0.193250 0.083574 0.029109 0.027324
23 0.244563 0.032454 0.011849 0.014241
23 0.232010 0.035620 0.012698 0.015685
23 0.224198 0.037361 0.015536 0.015676
23 0.215672 0.039185 0.015391 0.013741
23 0.206818 0.042130 0.013016 0.014731
23 0.193870 0.044778 0.020526 0.016870
23 0.129823 0.061546 0.044057 0.040019
23 0.101411 0.068324 0.047354 0.044593
23 0.082453 0.073426 0.046937 0.040500
14 0.301750 0.198963 0.005250 0.023704
10 0.782281 0.175139 0.012323 0.006917
8 0.397714 0.486463 0.010677 0.037028
13 0.475026 0.463926 0.103604 0.235546
0 0.431937 0.423259 0.550417 0.721519