8 0.651568 0.663130 0.016151 0.027787
11 0.654714 0.665417 0.008016 0.019250
15 0.635370 0.680963 0.158271 0.283583
18 0.816036 0.285889 0.110927 0.142769
23 0.720781 0.317833 0.089766 0.062741
23 0.642047 0.306861 0.082036 0.057019
23 0.375589 0.312435 0.060839 0.051954
23 0.416214 0.317120 0.079583 0.061324
12 0.150432 0.266852 0.248536 0.105472
15 0.394495 0.400194 0.058937 0.090898
0 0.498146 0.397083 0.416870 0.426444
11 0.095833 0.322009 0.013703 0.035556
8 0.095177 0.325704 0.016109 0.067407
8 0.102802 0.361824 0.014250 0.019944
11 0.103182 0.365361 0.012990 0.012852
2 0.096781 0.297954 0.007047 0.009269
2 0.105531 0.355472 0.006307 0.006574
2 0.150458 0.349769 0.006229 0.008250
2 0.178625 0.320778 0.007411 0.009278
7 0.200552 0.360583 0.012854 0.035315
5 0.200094 0.329528 0.007568 0.008917
8 0.197630 0.359204 0.019385 0.068926
11 0.175615 0.344694 0.016380 0.030722
11 0.158693 0.362259 0.011818 0.018806
8 0.157745 0.359315 0.019776 0.026935
8 0.174375 0.345759 0.019255 0.062880
11 0.190839 0.378157 0.008266 0.014583
8 0.190135 0.371343 0.010234 0.029963