8 0.718321 0.689580 0.018788 0.034034
11 0.721725 0.691287 0.009772 0.022802
15 0.703221 0.712848 0.185040 0.345735
18 0.855572 0.240923 0.125103 0.181696
23 0.760802 0.298794 0.096913 0.089874
23 0.679407 0.306159 0.088543 0.081789
23 0.407442 0.377325 0.066455 0.071123
23 0.449360 0.372468 0.086387 0.085851
12 0.173513 0.383005 0.262737 0.174949
15 0.433959 0.467725 0.067702 0.112826
0 0.539675 0.439021 0.461127 0.563626
11 0.122210 0.456072 0.016922 0.041847
8 0.121841 0.460233 0.021991 0.076923
8 0.132596 0.497478 0.016202 0.025078
11 0.133274 0.501215 0.014333 0.017090
2 0.121209 0.429794 0.007964 0.011758
2 0.134866 0.489933 0.006987 0.008660
2 0.180331 0.472776 0.007044 0.010455
2 0.206753 0.434502 0.008337 0.011857
7 0.232432 0.472241 0.016034 0.041379
5 0.229419 0.438728 0.008467 0.011504
8 0.229331 0.471462 0.025465 0.079368
11 0.205635 0.461133 0.019263 0.037268
11 0.189773 0.484288 0.013622 0.023250
8 0.188562 0.481331 0.022425 0.033998
8 0.204454 0.462589 0.024836 0.072789
11 0.223940 0.493644 0.009645 0.017810
8 0.222663 0.486437 0.012918 0.034944