3 0.898503 0.445293 0.202994 0.890585
8 0.616616 0.691950 0.151886 0.532916
8 0.764092 0.695529 0.157866 0.375110
8 0.804837 0.583735 0.106777 0.356930
1 0.769892 0.623372 0.014651 0.043611
7 0.790966 0.534476 0.051060 0.116675
7 0.726051 0.650408 0.056185 0.105595
7 0.639873 0.642579 0.077877 0.213009
6 0.793830 0.478853 0.020975 0.021853
6 0.749635 0.584959 0.009993 0.014335
6 0.600077 0.538427 0.020088 0.036924
2 0.793964 0.434387 0.035559 0.046724
2 0.738951 0.554976 0.048052 0.069874
2 0.606253 0.470677 0.070187 0.081927